time_s,owner_type,owner_id,resource_id,resource_kind,server_count,waiting_jobs,running_jobs,residual_work_s,busy_server_seconds,utilization,max_running_observed,physical_energy_j,system_maintenance_energy_j,memory_reserved_bytes,memory_capacity_bytes,descriptor_reserved_json,descriptor_capacity_json,admitted_descriptors,descriptor_capacity,reserved_vram_bytes,vram_capacity_bytes,reserved_work_gpu_s,workload_capacity_gpu_s,rsu_failed
0.25,vehicle,veh-1,veh-1:accelerator,accelerator,1,0,0,0,0.0,0.0,0,2.0,,0,1073741824,"{""accelerator"":0,""cpu"":0,""encoder"":0}","{""accelerator"":8,""cpu"":8,""encoder"":8}",,,,,,,
0.25,vehicle,veh-1,veh-1:cpu,cpu,1,0,0,0,0.0,0.0,0,2.0,,0,1073741824,"{""accelerator"":0,""cpu"":0,""encoder"":0}","{""accelerator"":8,""cpu"":8,""encoder"":8}",,,,,,,
0.25,vehicle,veh-1,veh-1:encoder,encoder,1,0,0,0,0.0,0.0,0,2.0,,0,1073741824,"{""accelerator"":0,""cpu"":0,""encoder"":0}","{""accelerator"":8,""cpu"":8,""encoder"":8}",,,,,,,
0.25,vehicle,veh-2,veh-2:accelerator,accelerator,1,0,0,0,0.0,0.0,0,1.625,,0,805306368,"{""accelerator"":0,""cpu"":0,""encoder"":0}","{""accelerator"":6,""cpu"":6,""encoder"":6}",,,,,,,
0.25,vehicle,veh-2,veh-2:cpu,cpu,1,0,0,0,0.0,0.0,0,1.625,,0,805306368,"{""accelerator"":0,""cpu"":0,""encoder"":0}","{""accelerator"":6,""cpu"":6,""encoder"":6}",,,,,,,
0.25,vehicle,veh-2,veh-2:encoder,encoder,1,0,0,0,0.0,0.0,0,1.625,,0,805306368,"{""accelerator"":0,""cpu"":0,""encoder"":0}","{""accelerator"":6,""cpu"":6,""encoder"":6}",,,,,,,
0.25,rsu,rsu-1,rsu-1:ingress,rsu_ingress_cpu,1,0,0,0,0.0,0.0,0,18.0,0.0,,,,,0,16,0,8589934592,0.0,30.0,False
0.25,rsu,rsu-1,rsu-1:gpu,rsu_gpu,2,0,0,0,0.0,0.0,0,18.0,0.0,,,,,0,16,0,8589934592,0.0,30.0,False
0.25,rsu,rsu-2,rsu-2:ingress,rsu_ingress_cpu,1,0,0,0,0.0,0.0,0,14.5,0.0,,,,,0,10,0,6442450944,0.0,18.0,False
0.25,rsu,rsu-2,rsu-2:gpu,rsu_gpu,1,0,0,0,0.0,0.0,0,14.5,0.0,,,,,0,10,0,6442450944,0.0,18.0,False
0.29,vehicle,veh-1,veh-1:accelerator,accelerator,1,0,0,0,0.0,0.0,0,2.32,,0,1073741824,"{""accelerator"":0,""cpu"":0,""encoder"":0}","{""accelerator"":8,""cpu"":8,""encoder"":8}",,,,,,,
0.29,vehicle,veh-1,veh-1:cpu,cpu,1,0,0,0,0.0,0.0,0,2.32,,0,1073741824,"{""accelerator"":0,""cpu"":0,""encoder"":0}","{""accelerator"":8,""cpu"":8,""encoder"":8}",,,,,,,
0.29,vehicle,veh-1,veh-1:encoder,encoder,1,0,0,0,0.0,0.0,0,2.32,,0,1073741824,"{""accelerator"":0,""cpu"":0,""encoder"":0}","{""accelerator"":8,""cpu"":8,""encoder"":8}",,,,,,,
0.29,vehicle,veh-2,veh-2:accelerator,accelerator,1,0,0,0,0.0,0.0,0,1.8849999999999998,,0,805306368,"{""accelerator"":0,""cpu"":0,""encoder"":0}","{""accelerator"":6,""cpu"":6,""encoder"":6}",,,,,,,
0.29,vehicle,veh-2,veh-2:cpu,cpu,1,0,0,0,0.0,0.0,0,1.8849999999999998,,0,805306368,"{""accelerator"":0,""cpu"":0,""encoder"":0}","{""accelerator"":6,""cpu"":6,""encoder"":6}",,,,,,,
0.29,vehicle,veh-2,veh-2:encoder,encoder,1,0,0,0,0.0,0.0,0,1.8849999999999998,,0,805306368,"{""accelerator"":0,""cpu"":0,""encoder"":0}","{""accelerator"":6,""cpu"":6,""encoder"":6}",,,,,,,
0.29,rsu,rsu-1,rsu-1:ingress,rsu_ingress_cpu,1,0,0,0,0.0,0.0,0,20.88,0.0,,,,,0,16,0,8589934592,0.0,30.0,False
0.29,rsu,rsu-1,rsu-1:gpu,rsu_gpu,2,0,0,0,0.0,0.0,0,20.88,0.0,,,,,0,16,0,8589934592,0.0,30.0,False
0.29,rsu,rsu-2,rsu-2:ingress,rsu_ingress_cpu,1,0,0,0,0.0,0.0,0,16.82,0.0,,,,,0,10,0,6442450944,0.0,18.0,False
0.29,rsu,rsu-2,rsu-2:gpu,rsu_gpu,1,0,0,0,0.0,0.0,0,16.82,0.0,,,,,0,10,0,6442450944,0.0,18.0,False
0.5,vehicle,veh-1,veh-1:accelerator,accelerator,1,0,0,0,0.0,0.0,0,4.0,,0,1073741824,"{""accelerator"":0,""cpu"":0,""encoder"":0}","{""accelerator"":8,""cpu"":8,""encoder"":8}",,,,,,,
0.5,vehicle,veh-1,veh-1:cpu,cpu,1,0,0,0,0.0,0.0,0,4.0,,0,1073741824,"{""accelerator"":0,""cpu"":0,""encoder"":0}","{""accelerator"":8,""cpu"":8,""encoder"":8}",,,,,,,
0.5,vehicle,veh-1,veh-1:encoder,encoder,1,0,0,0,0.0,0.0,0,4.0,,0,1073741824,"{""accelerator"":0,""cpu"":0,""encoder"":0}","{""accelerator"":8,""cpu"":8,""encoder"":8}",,,,,,,
0.5,vehicle,veh-2,veh-2:accelerator,accelerator,1,0,0,0,0.0,0.0,0,3.25,,0,805306368,"{""accelerator"":0,""cpu"":0,""encoder"":0}","{""accelerator"":6,""cpu"":6,""encoder"":6}",,,,,,,
0.5,vehicle,veh-2,veh-2:cpu,cpu,1,0,0,0,0.0,0.0,0,3.25,,0,805306368,"{""accelerator"":0,""cpu"":0,""encoder"":0}","{""accelerator"":6,""cpu"":6,""encoder"":6}",,,,,,,
0.5,vehicle,veh-2,veh-2:encoder,encoder,1,0,0,0,0.0,0.0,0,3.25,,0,805306368,"{""accelerator"":0,""cpu"":0,""encoder"":0}","{""accelerator"":6,""cpu"":6,""encoder"":6}",,,,,,,
0.5,rsu,rsu-1,rsu-1:ingress,rsu_ingress_cpu,1,0,0,0,0.0,0.0,0,36.0,0.0,,,,,0,16,0,8589934592,0.0,30.0,False
0.5,rsu,rsu-1,rsu-1:gpu,rsu_gpu,2,0,0,0,0.0,0.0,0,36.0,0.0,,,,,0,16,0,8589934592,0.0,30.0,False
0.5,rsu,rsu-2,rsu-2:ingress,rsu_ingress_cpu,1,0,0,0,0.0,0.0,0,29.0,0.0,,,,,0,10,0,6442450944,0.0,18.0,False
0.5,rsu,rsu-2,rsu-2:gpu,rsu_gpu,1,0,0,0,0.0,0.0,0,29.0,0.0,,,,,0,10,0,6442450944,0.0,18.0,False
0.54,vehicle,veh-1,veh-1:accelerator,accelerator,1,0,0,0,0.0,0.0,0,4.32,,0,1073741824,"{""accelerator"":0,""cpu"":0,""encoder"":0}","{""accelerator"":8,""cpu"":8,""encoder"":8}",,,,,,,
0.54,vehicle,veh-1,veh-1:cpu,cpu,1,0,0,0,0.0,0.0,0,4.32,,0,1073741824,"{""accelerator"":0,""cpu"":0,""encoder"":0}","{""accelerator"":8,""cpu"":8,""encoder"":8}",,,,,,,
0.54,vehicle,veh-1,veh-1:encoder,encoder,1,0,0,0,0.0,0.0,0,4.32,,0,1073741824,"{""accelerator"":0,""cpu"":0,""encoder"":0}","{""accelerator"":8,""cpu"":8,""encoder"":8}",,,,,,,
0.54,vehicle,veh-2,veh-2:accelerator,accelerator,1,0,0,0,0.0,0.0,0,3.5100000000000002,,0,805306368,"{""accelerator"":0,""cpu"":0,""encoder"":0}","{""accelerator"":6,""cpu"":6,""encoder"":6}",,,,,,,
0.54,vehicle,veh-2,veh-2:cpu,cpu,1,0,0,0,0.0,0.0,0,3.5100000000000002,,0,805306368,"{""accelerator"":0,""cpu"":0,""encoder"":0}","{""accelerator"":6,""cpu"":6,""encoder"":6}",,,,,,,
0.54,vehicle,veh-2,veh-2:encoder,encoder,1,0,0,0,0.0,0.0,0,3.5100000000000002,,0,805306368,"{""accelerator"":0,""cpu"":0,""encoder"":0}","{""accelerator"":6,""cpu"":6,""encoder"":6}",,,,,,,
0.54,rsu,rsu-1,rsu-1:ingress,rsu_ingress_cpu,1,0,0,0,0.0,0.0,0,38.88,0.0,,,,,0,16,0,8589934592,0.0,30.0,False
0.54,rsu,rsu-1,rsu-1:gpu,rsu_gpu,2,0,0,0,0.0,0.0,0,38.88,0.0,,,,,0,16,0,8589934592,0.0,30.0,False
0.54,rsu,rsu-2,rsu-2:ingress,rsu_ingress_cpu,1,0,0,0,0.0,0.0,0,31.32,0.0,,,,,0,10,0,6442450944,0.0,18.0,False
0.54,rsu,rsu-2,rsu-2:gpu,rsu_gpu,1,0,0,0,0.0,0.0,0,31.32,0.0,,,,,0,10,0,6442450944,0.0,18.0,False
0.75,vehicle,veh-1,veh-1:accelerator,accelerator,1,0,0,0,0.0,0.0,0,6.0,,0,1073741824,"{""accelerator"":0,""cpu"":0,""encoder"":0}","{""accelerator"":8,""cpu"":8,""encoder"":8}",,,,,,,
0.75,vehicle,veh-1,veh-1:cpu,cpu,1,0,0,0,0.0,0.0,0,6.0,,0,1073741824,"{""accelerator"":0,""cpu"":0,""encoder"":0}","{""accelerator"":8,""cpu"":8,""encoder"":8}",,,,,,,
0.75,vehicle,veh-1,veh-1:encoder,encoder,1,0,0,0,0.0,0.0,0,6.0,,0,1073741824,"{""accelerator"":0,""cpu"":0,""encoder"":0}","{""accelerator"":8,""cpu"":8,""encoder"":8}",,,,,,,
0.75,vehicle,veh-2,veh-2:accelerator,accelerator,1,0,0,0,0.0,0.0,0,4.875,,0,805306368,"{""accelerator"":0,""cpu"":0,""encoder"":0}","{""accelerator"":6,""cpu"":6,""encoder"":6}",,,,,,,
0.75,vehicle,veh-2,veh-2:cpu,cpu,1,0,0,0,0.0,0.0,0,4.875,,0,805306368,"{""accelerator"":0,""cpu"":0,""encoder"":0}","{""accelerator"":6,""cpu"":6,""encoder"":6}",,,,,,,
0.75,vehicle,veh-2,veh-2:encoder,encoder,1,0,0,0,0.0,0.0,0,4.875,,0,805306368,"{""accelerator"":0,""cpu"":0,""encoder"":0}","{""accelerator"":6,""cpu"":6,""encoder"":6}",,,,,,,
0.75,rsu,rsu-1,rsu-1:ingress,rsu_ingress_cpu,1,0,0,0,0.0,0.0,0,54.0,0.0,,,,,0,16,0,8589934592,0.0,30.0,False
0.75,rsu,rsu-1,rsu-1:gpu,rsu_gpu,2,0,0,0,0.0,0.0,0,54.0,0.0,,,,,0,16,0,8589934592,0.0,30.0,False
0.75,rsu,rsu-2,rsu-2:ingress,rsu_ingress_cpu,1,0,0,0,0.0,0.0,0,43.5,0.0,,,,,0,10,0,6442450944,0.0,18.0,False
0.75,rsu,rsu-2,rsu-2:gpu,rsu_gpu,1,0,0,0,0.0,0.0,0,43.5,0.0,,,,,0,10,0,6442450944,0.0,18.0,False
0.79,vehicle,veh-1,veh-1:accelerator,accelerator,1,0,0,0,0.0,0.0,0,6.32,,0,1073741824,"{""accelerator"":0,""cpu"":0,""encoder"":0}","{""accelerator"":8,""cpu"":8,""encoder"":8}",,,,,,,
0.79,vehicle,veh-1,veh-1:cpu,cpu,1,0,0,0,0.0,0.0,0,6.32,,0,1073741824,"{""accelerator"":0,""cpu"":0,""encoder"":0}","{""accelerator"":8,""cpu"":8,""encoder"":8}",,,,,,,
0.79,vehicle,veh-1,veh-1:encoder,encoder,1,0,0,0,0.0,0.0,0,6.32,,0,1073741824,"{""accelerator"":0,""cpu"":0,""encoder"":0}","{""accelerator"":8,""cpu"":8,""encoder"":8}",,,,,,,
0.79,vehicle,veh-2,veh-2:accelerator,accelerator,1,0,0,0,0.0,0.0,0,5.135,,0,805306368,"{""accelerator"":0,""cpu"":0,""encoder"":0}","{""accelerator"":6,""cpu"":6,""encoder"":6}",,,,,,,
0.79,vehicle,veh-2,veh-2:cpu,cpu,1,0,0,0,0.0,0.0,0,5.135,,0,805306368,"{""accelerator"":0,""cpu"":0,""encoder"":0}","{""accelerator"":6,""cpu"":6,""encoder"":6}",,,,,,,
0.79,vehicle,veh-2,veh-2:encoder,encoder,1,0,0,0,0.0,0.0,0,5.135,,0,805306368,"{""accelerator"":0,""cpu"":0,""encoder"":0}","{""accelerator"":6,""cpu"":6,""encoder"":6}",,,,,,,
0.79,rsu,rsu-1,rsu-1:ingress,rsu_ingress_cpu,1,0,0,0,0.0,0.0,0,56.88,0.0,,,,,0,16,0,8589934592,0.0,30.0,False
0.79,rsu,rsu-1,rsu-1:gpu,rsu_gpu,2,0,0,0,0.0,0.0,0,56.88,0.0,,,,,0,16,0,8589934592,0.0,30.0,False
0.79,rsu,rsu-2,rsu-2:ingress,rsu_ingress_cpu,1,0,0,0,0.0,0.0,0,45.82,0.0,,,,,0,10,0,6442450944,0.0,18.0,False
0.79,rsu,rsu-2,rsu-2:gpu,rsu_gpu,1,0,0,0,0.0,0.0,0,45.82,0.0,,,,,0,10,0,6442450944,0.0,18.0,False
0.797531106,vehicle,veh-1,veh-1:accelerator,accelerator,1,0,1,0.024021078,0.0,0.0,1,6.380248848,,67108864,1073741824,"{""accelerator"":1,""cpu"":0,""encoder"":0}","{""accelerator"":8,""cpu"":8,""encoder"":8}",,,,,,,
0.797531106,vehicle,veh-1,veh-1:cpu,cpu,1,0,0,0,0.0,0.0,0,6.380248848,,67108864,1073741824,"{""accelerator"":1,""cpu"":0,""encoder"":0}","{""accelerator"":8,""cpu"":8,""encoder"":8}",,,,,,,
0.797531106,vehicle,veh-1,veh-1:encoder,encoder,1,0,0,0,0.0,0.0,0,6.380248848,,67108864,1073741824,"{""accelerator"":1,""cpu"":0,""encoder"":0}","{""accelerator"":8,""cpu"":8,""encoder"":8}",,,,,,,
0.797531106,vehicle,veh-2,veh-2:accelerator,accelerator,1,0,0,0,0.0,0.0,0,5.183952188999999,,0,805306368,"{""accelerator"":0,""cpu"":0,""encoder"":0}","{""accelerator"":6,""cpu"":6,""encoder"":6}",,,,,,,
0.797531106,vehicle,veh-2,veh-2:cpu,cpu,1,0,0,0,0.0,0.0,0,5.183952188999999,,0,805306368,"{""accelerator"":0,""cpu"":0,""encoder"":0}","{""accelerator"":6,""cpu"":6,""encoder"":6}",,,,,,,
0.797531106,vehicle,veh-2,veh-2:encoder,encoder,1,0,0,0,0.0,0.0,0,5.183952188999999,,0,805306368,"{""accelerator"":0,""cpu"":0,""encoder"":0}","{""accelerator"":6,""cpu"":6,""encoder"":6}",,,,,,,
0.797531106,rsu,rsu-1,rsu-1:ingress,rsu_ingress_cpu,1,0,0,0,0.0,0.0,0,57.422239632,0.0,,,,,0,16,0,8589934592,0.0,30.0,False
0.797531106,rsu,rsu-1,rsu-1:gpu,rsu_gpu,2,0,0,0,0.0,0.0,0,57.422239632,0.0,,,,,0,16,0,8589934592,0.0,30.0,False
0.797531106,rsu,rsu-2,rsu-2:ingress,rsu_ingress_cpu,1,0,0,0,0.0,0.0,0,46.256804148,0.0,,,,,0,10,0,6442450944,0.0,18.0,False
0.797531106,rsu,rsu-2,rsu-2:gpu,rsu_gpu,1,0,0,0,0.0,0.0,0,46.256804148,0.0,,,,,0,10,0,6442450944,0.0,18.0,False
0.821552184,vehicle,veh-1,veh-1:accelerator,accelerator,1,0,0,0,0.024021077999999974,0.029238651503603056,1,6.849056703699999,,268435456,1073741824,"{""accelerator"":1,""cpu"":1,""encoder"":1}","{""accelerator"":8,""cpu"":8,""encoder"":8}",,,,,,,
0.821552184,vehicle,veh-1,veh-1:cpu,cpu,1,0,0,0,0.0,0.0,0,6.849056703699999,,268435456,1073741824,"{""accelerator"":1,""cpu"":1,""encoder"":1}","{""accelerator"":8,""cpu"":8,""encoder"":8}",,,,,,,
0.821552184,vehicle,veh-1,veh-1:encoder,encoder,1,0,0,0,0.0,0.0,0,6.849056703699999,,268435456,1073741824,"{""accelerator"":1,""cpu"":1,""encoder"":1}","{""accelerator"":8,""cpu"":8,""encoder"":8}",,,,,,,
0.821552184,vehicle,veh-2,veh-2:accelerator,accelerator,1,0,0,0,0.0,0.0,0,5.340089195999999,,0,805306368,"{""accelerator"":0,""cpu"":0,""encoder"":0}","{""accelerator"":6,""cpu"":6,""encoder"":6}",,,,,,,
0.821552184,vehicle,veh-2,veh-2:cpu,cpu,1,0,0,0,0.0,0.0,0,5.340089195999999,,0,805306368,"{""accelerator"":0,""cpu"":0,""encoder"":0}","{""accelerator"":6,""cpu"":6,""encoder"":6}",,,,,,,
0.821552184,vehicle,veh-2,veh-2:encoder,encoder,1,0,0,0,0.0,0.0,0,5.340089195999999,,0,805306368,"{""accelerator"":0,""cpu"":0,""encoder"":0}","{""accelerator"":6,""cpu"":6,""encoder"":6}",,,,,,,
0.821552184,rsu,rsu-1,rsu-1:ingress,rsu_ingress_cpu,1,0,0,0,0.0,0.0,0,59.151757247999996,0.0,,,,,0,16,0,8589934592,0.0,30.0,False
0.821552184,rsu,rsu-1,rsu-1:gpu,rsu_gpu,2,0,0,0,0.0,0.0,0,59.151757247999996,0.0,,,,,0,16,0,8589934592,0.0,30.0,False
0.821552184,rsu,rsu-2,rsu-2:ingress,rsu_ingress_cpu,1,0,0,0,0.0,0.0,0,47.650026671999996,0.0,,,,,0,10,0,6442450944,0.0,18.0,False
0.821552184,rsu,rsu-2,rsu-2:gpu,rsu_gpu,1,0,0,0,0.0,0.0,0,47.650026671999996,0.0,,,,,0,10,0,6442450944,0.0,18.0,False
0.822352184,vehicle,veh-1,veh-1:accelerator,accelerator,1,0,1,0.037180445,0.024021077999999974,0.029210207581816278,1,6.855576703699999,,268435456,1073741824,"{""accelerator"":1,""cpu"":1,""encoder"":1}","{""accelerator"":8,""cpu"":8,""encoder"":8}",,,,,,,
0.822352184,vehicle,veh-1,veh-1:cpu,cpu,1,0,0,0,0.0,0.0,0,6.855576703699999,,268435456,1073741824,"{""accelerator"":1,""cpu"":1,""encoder"":1}","{""accelerator"":8,""cpu"":8,""encoder"":8}",,,,,,,
0.822352184,vehicle,veh-1,veh-1:encoder,encoder,1,0,0,0,0.0,0.0,0,6.855576703699999,,268435456,1073741824,"{""accelerator"":1,""cpu"":1,""encoder"":1}","{""accelerator"":8,""cpu"":8,""encoder"":8}",,,,,,,
0.822352184,vehicle,veh-2,veh-2:accelerator,accelerator,1,0,0,0,0.0,0.0,0,5.3452891959999995,,0,805306368,"{""accelerator"":0,""cpu"":0,""encoder"":0}","{""accelerator"":6,""cpu"":6,""encoder"":6}",,,,,,,
0.822352184,vehicle,veh-2,veh-2:cpu,cpu,1,0,0,0,0.0,0.0,0,5.3452891959999995,,0,805306368,"{""accelerator"":0,""cpu"":0,""encoder"":0}","{""accelerator"":6,""cpu"":6,""encoder"":6}",,,,,,,
0.822352184,vehicle,veh-2,veh-2:encoder,encoder,1,0,0,0,0.0,0.0,0,5.3452891959999995,,0,805306368,"{""accelerator"":0,""cpu"":0,""encoder"":0}","{""accelerator"":6,""cpu"":6,""encoder"":6}",,,,,,,
0.822352184,rsu,rsu-1,rsu-1:ingress,rsu_ingress_cpu,1,0,0,0,0.0,0.0,0,59.209357247999996,0.0,,,,,0,16,0,8589934592,0.0,30.0,False
0.822352184,rsu,rsu-1,rsu-1:gpu,rsu_gpu,2,0,0,0,0.0,0.0,0,59.209357247999996,0.0,,,,,0,16,0,8589934592,0.0,30.0,False
0.822352184,rsu,rsu-2,rsu-2:ingress,rsu_ingress_cpu,1,0,0,0,0.0,0.0,0,47.696426671999994,0.0,,,,,0,10,0,6442450944,0.0,18.0,False
0.822352184,rsu,rsu-2,rsu-2:gpu,rsu_gpu,1,0,0,0,0.0,0.0,0,47.696426671999994,0.0,,,,,0,10,0,6442450944,0.0,18.0,False
0.8595326289999999,vehicle,veh-1,veh-1:accelerator,accelerator,1,0,0,0,0.061201522999999924,0.07120325736930218,1,7.623352891449998,,268435456,1073741824,"{""accelerator"":1,""cpu"":1,""encoder"":1}","{""accelerator"":8,""cpu"":8,""encoder"":8}",,,,,,,
0.8595326289999999,vehicle,veh-1,veh-1:cpu,cpu,1,0,1,0.0075,0.0,0.0,1,7.623352891449998,,268435456,1073741824,"{""accelerator"":1,""cpu"":1,""encoder"":1}","{""accelerator"":8,""cpu"":8,""encoder"":8}",,,,,,,
0.8595326289999999,vehicle,veh-1,veh-1:encoder,encoder,1,0,0,0,0.0,0.0,0,7.623352891449998,,268435456,1073741824,"{""accelerator"":1,""cpu"":1,""encoder"":1}","{""accelerator"":8,""cpu"":8,""encoder"":8}",,,,,,,
0.8595326289999999,vehicle,veh-2,veh-2:accelerator,accelerator,1,0,0,0,0.0,0.0,0,5.586962088499999,,0,805306368,"{""accelerator"":0,""cpu"":0,""encoder"":0}","{""accelerator"":6,""cpu"":6,""encoder"":6}",,,,,,,
0.8595326289999999,vehicle,veh-2,veh-2:cpu,cpu,1,0,0,0,0.0,0.0,0,5.586962088499999,,0,805306368,"{""accelerator"":0,""cpu"":0,""encoder"":0}","{""accelerator"":6,""cpu"":6,""encoder"":6}",,,,,,,
0.8595326289999999,vehicle,veh-2,veh-2:encoder,encoder,1,0,0,0,0.0,0.0,0,5.586962088499999,,0,805306368,"{""accelerator"":0,""cpu"":0,""encoder"":0}","{""accelerator"":6,""cpu"":6,""encoder"":6}",,,,,,,
0.8595326289999999,rsu,rsu-1,rsu-1:ingress,rsu_ingress_cpu,1,0,0,0,0.0,0.0,0,61.88634928799999,0.0,,,,,0,16,0,8589934592,0.0,30.0,False
0.8595326289999999,rsu,rsu-1,rsu-1:gpu,rsu_gpu,2,0,0,0,0.0,0.0,0,61.88634928799999,0.0,,,,,0,16,0,8589934592,0.0,30.0,False
0.8595326289999999,rsu,rsu-2,rsu-2:ingress,rsu_ingress_cpu,1,0,0,0,0.0,0.0,0,49.852892481999994,0.0,,,,,0,10,0,6442450944,0.0,18.0,False
0.8595326289999999,rsu,rsu-2,rsu-2:gpu,rsu_gpu,1,0,0,0,0.0,0.0,0,49.852892481999994,0.0,,,,,0,10,0,6442450944,0.0,18.0,False
0.8670326289999999,vehicle,veh-1,veh-1:accelerator,accelerator,1,0,0,0,0.061201522999999924,0.07058733541618528,1,7.7294778914499975,,268435456,1073741824,"{""accelerator"":1,""cpu"":1,""encoder"":1}","{""accelerator"":8,""cpu"":8,""encoder"":8}",,,,,,,
0.8670326289999999,vehicle,veh-1,veh-1:cpu,cpu,1,0,0,0,0.007499999999999951,0.008650193486547497,1,7.7294778914499975,,268435456,1073741824,"{""accelerator"":1,""cpu"":1,""encoder"":1}","{""accelerator"":8,""cpu"":8,""encoder"":8}",,,,,,,
0.8670326289999999,vehicle,veh-1,veh-1:encoder,encoder,1,0,1,0.0074278,0.0,0.0,1,7.7294778914499975,,268435456,1073741824,"{""accelerator"":1,""cpu"":1,""encoder"":1}","{""accelerator"":8,""cpu"":8,""encoder"":8}",,,,,,,
0.8670326289999999,vehicle,veh-2,veh-2:accelerator,accelerator,1,0,0,0,0.0,0.0,0,5.635712088499999,,0,805306368,"{""accelerator"":0,""cpu"":0,""encoder"":0}","{""accelerator"":6,""cpu"":6,""encoder"":6}",,,,,,,
0.8670326289999999,vehicle,veh-2,veh-2:cpu,cpu,1,0,0,0,0.0,0.0,0,5.635712088499999,,0,805306368,"{""accelerator"":0,""cpu"":0,""encoder"":0}","{""accelerator"":6,""cpu"":6,""encoder"":6}",,,,,,,
0.8670326289999999,vehicle,veh-2,veh-2:encoder,encoder,1,0,0,0,0.0,0.0,0,5.635712088499999,,0,805306368,"{""accelerator"":0,""cpu"":0,""encoder"":0}","{""accelerator"":6,""cpu"":6,""encoder"":6}",,,,,,,
0.8670326289999999,rsu,rsu-1,rsu-1:ingress,rsu_ingress_cpu,1,0,0,0,0.0,0.0,0,62.42634928799999,0.0,,,,,0,16,0,8589934592,0.0,30.0,False
0.8670326289999999,rsu,rsu-1,rsu-1:gpu,rsu_gpu,2,0,0,0,0.0,0.0,0,62.42634928799999,0.0,,,,,0,16,0,8589934592,0.0,30.0,False
0.8670326289999999,rsu,rsu-2,rsu-2:ingress,rsu_ingress_cpu,1,0,0,0,0.0,0.0,0,50.28789248199999,0.0,,,,,0,10,0,6442450944,0.0,18.0,False
0.8670326289999999,rsu,rsu-2,rsu-2:gpu,rsu_gpu,1,0,0,0,0.0,0.0,0,50.28789248199999,0.0,,,,,0,10,0,6442450944,0.0,18.0,False
0.8744604289999999,vehicle,veh-1,veh-1:accelerator,accelerator,1,0,0,0,0.061201522999999924,0.06998775584389529,1,7.836153461449997,,268435456,1073741824,"{""accelerator"":1,""cpu"":0,""encoder"":0}","{""accelerator"":8,""cpu"":8,""encoder"":8}",,,,,,,
0.8744604289999999,vehicle,veh-1,veh-1:cpu,cpu,1,0,0,0,0.007499999999999951,0.008576717426283851,1,7.836153461449997,,268435456,1073741824,"{""accelerator"":1,""cpu"":0,""encoder"":0}","{""accelerator"":8,""cpu"":8,""encoder"":8}",,,,,,,
0.8744604289999999,vehicle,veh-1,veh-1:encoder,encoder,1,0,0,0,0.007427799999999984,0.008494152226526863,1,7.836153461449997,,268435456,1073741824,"{""accelerator"":1,""cpu"":0,""encoder"":0}","{""accelerator"":8,""cpu"":8,""encoder"":8}",,,,,,,
0.8744604289999999,vehicle,veh-2,veh-2:accelerator,accelerator,1,0,0,0,0.0,0.0,0,5.6839927884999994,,0,805306368,"{""accelerator"":0,""cpu"":0,""encoder"":0}","{""accelerator"":6,""cpu"":6,""encoder"":6}",,,,,,,
0.8744604289999999,vehicle,veh-2,veh-2:cpu,cpu,1,0,0,0,0.0,0.0,0,5.6839927884999994,,0,805306368,"{""accelerator"":0,""cpu"":0,""encoder"":0}","{""accelerator"":6,""cpu"":6,""encoder"":6}",,,,,,,
0.8744604289999999,vehicle,veh-2,veh-2:encoder,encoder,1,0,0,0,0.0,0.0,0,5.6839927884999994,,0,805306368,"{""accelerator"":0,""cpu"":0,""encoder"":0}","{""accelerator"":6,""cpu"":6,""encoder"":6}",,,,,,,
0.8744604289999999,rsu,rsu-1,rsu-1:ingress,rsu_ingress_cpu,1,0,0,0,0.0,0.0,0,62.96115088799999,0.0,,,,,0,16,0,8589934592,0.0,30.0,False
0.8744604289999999,rsu,rsu-1,rsu-1:gpu,rsu_gpu,2,0,0,0,0.0,0.0,0,62.96115088799999,0.0,,,,,0,16,0,8589934592,0.0,30.0,False
0.8744604289999999,rsu,rsu-2,rsu-2:ingress,rsu_ingress_cpu,1,0,0,0,0.0,0.0,0,50.71870488199999,0.0,,,,,0,10,0,6442450944,0.0,18.0,False
0.8744604289999999,rsu,rsu-2,rsu-2:gpu,rsu_gpu,1,0,0,0,0.0,0.0,0,50.71870488199999,0.0,,,,,0,10,0,6442450944,0.0,18.0,False
0.8752604289999999,vehicle,veh-1,veh-1:accelerator,accelerator,1,0,0,0,0.061201522999999924,0.06992378607807474,1,7.842673461449997,,268435456,1073741824,"{""accelerator"":1,""cpu"":0,""encoder"":0}","{""accelerator"":8,""cpu"":8,""encoder"":8}",,,,,,,
0.8752604289999999,vehicle,veh-1,veh-1:cpu,cpu,1,0,0,0,0.007499999999999951,0.008568878189282281,1,7.842673461449997,,268435456,1073741824,"{""accelerator"":1,""cpu"":0,""encoder"":0}","{""accelerator"":8,""cpu"":8,""encoder"":8}",,,,,,,
0.8752604289999999,vehicle,veh-1,veh-1:encoder,encoder,1,0,0,0,0.007427799999999984,0.008486388455246827,1,7.842673461449997,,268435456,1073741824,"{""accelerator"":1,""cpu"":0,""encoder"":0}","{""accelerator"":8,""cpu"":8,""encoder"":8}",,,,,,,
0.8752604289999999,vehicle,veh-2,veh-2:accelerator,accelerator,1,0,0,0,0.0,0.0,0,5.6891927885,,0,805306368,"{""accelerator"":0,""cpu"":0,""encoder"":0}","{""accelerator"":6,""cpu"":6,""encoder"":6}",,,,,,,
0.8752604289999999,vehicle,veh-2,veh-2:cpu,cpu,1,0,0,0,0.0,0.0,0,5.6891927885,,0,805306368,"{""accelerator"":0,""cpu"":0,""encoder"":0}","{""accelerator"":6,""cpu"":6,""encoder"":6}",,,,,,,
0.8752604289999999,vehicle,veh-2,veh-2:encoder,encoder,1,0,0,0,0.0,0.0,0,5.6891927885,,0,805306368,"{""accelerator"":0,""cpu"":0,""encoder"":0}","{""accelerator"":6,""cpu"":6,""encoder"":6}",,,,,,,
0.8752604289999999,rsu,rsu-1,rsu-1:ingress,rsu_ingress_cpu,1,0,0,0,0.0,0.0,0,63.01875088799999,0.0,,,,,0,16,0,8589934592,0.0,30.0,False
0.8752604289999999,rsu,rsu-1,rsu-1:gpu,rsu_gpu,2,0,0,0,0.0,0.0,0,63.01875088799999,0.0,,,,,0,16,0,8589934592,0.0,30.0,False
0.8752604289999999,rsu,rsu-2,rsu-2:ingress,rsu_ingress_cpu,1,0,0,0,0.0,0.0,0,50.76510488199999,0.0,,,,,0,10,0,6442450944,0.0,18.0,False
0.8752604289999999,rsu,rsu-2,rsu-2:gpu,rsu_gpu,1,0,0,0,0.0,0.0,0,50.76510488199999,0.0,,,,,0,10,0,6442450944,0.0,18.0,False
0.9366689998899821,vehicle,veh-1,veh-1:accelerator,accelerator,1,0,1,0.0374,0.061201522999999924,0.065339541510596,1,8.545801598140294,,268435456,1073741824,"{""accelerator"":1,""cpu"":0,""encoder"":0}","{""accelerator"":8,""cpu"":8,""encoder"":8}",,,,,,,
0.9366689998899821,vehicle,veh-1,veh-1:cpu,cpu,1,0,0,0,0.007499999999999951,0.008007097492156648,1,8.545801598140294,,268435456,1073741824,"{""accelerator"":1,""cpu"":0,""encoder"":0}","{""accelerator"":8,""cpu"":8,""encoder"":8}",,,,,,,
0.9366689998899821,vehicle,veh-1,veh-1:encoder,encoder,1,0,0,0,0.007427799999999984,0.007930015833632188,1,8.545801598140294,,268435456,1073741824,"{""accelerator"":1,""cpu"":0,""encoder"":0}","{""accelerator"":8,""cpu"":8,""encoder"":8}",,,,,,,
0.9366689998899821,vehicle,veh-2,veh-2:accelerator,accelerator,1,0,0,0,0.0,0.0,0,6.088348499284884,,0,805306368,"{""accelerator"":0,""cpu"":0,""encoder"":0}","{""accelerator"":6,""cpu"":6,""encoder"":6}",,,,,,,
0.9366689998899821,vehicle,veh-2,veh-2:cpu,cpu,1,0,0,0,0.0,0.0,0,6.088348499284884,,0,805306368,"{""accelerator"":0,""cpu"":0,""encoder"":0}","{""accelerator"":6,""cpu"":6,""encoder"":6}",,,,,,,
0.9366689998899821,vehicle,veh-2,veh-2:encoder,encoder,1,0,0,0,0.0,0.0,0,6.088348499284884,,0,805306368,"{""accelerator"":0,""cpu"":0,""encoder"":0}","{""accelerator"":6,""cpu"":6,""encoder"":6}",,,,,,,
0.9366689998899821,rsu,rsu-1,rsu-1:ingress,rsu_ingress_cpu,1,0,0,0,0.0,0.0,0,67.5230695627802,0.0,,,,,0,16,0,8589934592,0.0,30.0,False
0.9366689998899821,rsu,rsu-1,rsu-1:gpu,rsu_gpu,2,0,0,0,0.0,0.0,0,67.5230695627802,0.0,,,,,0,16,0,8589934592,0.0,30.0,False
0.9366689998899821,rsu,rsu-2,rsu-2:ingress,rsu_ingress_cpu,1,0,0,0,0.0,0.0,0,54.32680199361896,0.0,,,,,0,10,0,6442450944,0.0,18.0,False
0.9366689998899821,rsu,rsu-2,rsu-2:gpu,rsu_gpu,1,0,0,0,0.0,0.0,0,54.32680199361896,0.0,,,,,0,10,0,6442450944,0.0,18.0,False
0.9740689998899821,vehicle,veh-1,veh-1:accelerator,accelerator,1,0,0,0,0.09860152299999991,0.10122642544946675,1,9.291931598140293,,0,1073741824,"{""accelerator"":0,""cpu"":0,""encoder"":0}","{""accelerator"":8,""cpu"":8,""encoder"":8}",,,,,,,
0.9740689998899821,vehicle,veh-1,veh-1:cpu,cpu,1,0,0,0,0.007499999999999951,0.007699659881227153,1,9.291931598140293,,0,1073741824,"{""accelerator"":0,""cpu"":0,""encoder"":0}","{""accelerator"":8,""cpu"":8,""encoder"":8}",,,,,,,
0.9740689998899821,vehicle,veh-1,veh-1:encoder,encoder,1,0,0,0,0.007427799999999984,0.007625537822103907,1,9.291931598140293,,0,1073741824,"{""accelerator"":0,""cpu"":0,""encoder"":0}","{""accelerator"":8,""cpu"":8,""encoder"":8}",,,,,,,
0.9740689998899821,vehicle,veh-2,veh-2:accelerator,accelerator,1,0,0,0,0.0,0.0,0,6.3314484992848845,,0,805306368,"{""accelerator"":0,""cpu"":0,""encoder"":0}","{""accelerator"":6,""cpu"":6,""encoder"":6}",,,,,,,
0.9740689998899821,vehicle,veh-2,veh-2:cpu,cpu,1,0,0,0,0.0,0.0,0,6.3314484992848845,,0,805306368,"{""accelerator"":0,""cpu"":0,""encoder"":0}","{""accelerator"":6,""cpu"":6,""encoder"":6}",,,,,,,
0.9740689998899821,vehicle,veh-2,veh-2:encoder,encoder,1,0,0,0,0.0,0.0,0,6.3314484992848845,,0,805306368,"{""accelerator"":0,""cpu"":0,""encoder"":0}","{""accelerator"":6,""cpu"":6,""encoder"":6}",,,,,,,
0.9740689998899821,rsu,rsu-1,rsu-1:ingress,rsu_ingress_cpu,1,0,0,0,0.0,0.0,0,70.2158695627802,0.0,,,,,0,16,0,8589934592,0.0,30.0,False
0.9740689998899821,rsu,rsu-1,rsu-1:gpu,rsu_gpu,2,0,0,0,0.0,0.0,0,70.2158695627802,0.0,,,,,0,16,0,8589934592,0.0,30.0,False
0.9740689998899821,rsu,rsu-2,rsu-2:ingress,rsu_ingress_cpu,1,0,0,0,0.0,0.0,0,56.496001993618954,0.0,,,,,0,10,0,6442450944,0.0,18.0,False
0.9740689998899821,rsu,rsu-2,rsu-2:gpu,rsu_gpu,1,0,0,0,0.0,0.0,0,56.496001993618954,0.0,,,,,0,10,0,6442450944,0.0,18.0,False
1.0,vehicle,veh-1,veh-1:accelerator,accelerator,1,0,0,0,0.09860152299999991,0.09860152299999991,1,9.499379599020436,,0,1073741824,"{""accelerator"":0,""cpu"":0,""encoder"":0}","{""accelerator"":8,""cpu"":8,""encoder"":8}",,,,,,,
1.0,vehicle,veh-1,veh-1:cpu,cpu,1,0,0,0,0.007499999999999951,0.007499999999999951,1,9.499379599020436,,0,1073741824,"{""accelerator"":0,""cpu"":0,""encoder"":0}","{""accelerator"":8,""cpu"":8,""encoder"":8}",,,,,,,
1.0,vehicle,veh-1,veh-1:encoder,encoder,1,0,0,0,0.007427799999999984,0.007427799999999984,1,9.499379599020436,,0,1073741824,"{""accelerator"":0,""cpu"":0,""encoder"":0}","{""accelerator"":8,""cpu"":8,""encoder"":8}",,,,,,,
1.0,vehicle,veh-2,veh-2:accelerator,accelerator,1,0,0,0,0.0,0.0,0,6.500000000000001,,0,805306368,"{""accelerator"":0,""cpu"":0,""encoder"":0}","{""accelerator"":6,""cpu"":6,""encoder"":6}",,,,,,,
1.0,vehicle,veh-2,veh-2:cpu,cpu,1,0,0,0,0.0,0.0,0,6.500000000000001,,0,805306368,"{""accelerator"":0,""cpu"":0,""encoder"":0}","{""accelerator"":6,""cpu"":6,""encoder"":6}",,,,,,,
1.0,vehicle,veh-2,veh-2:encoder,encoder,1,0,0,0,0.0,0.0,0,6.500000000000001,,0,805306368,"{""accelerator"":0,""cpu"":0,""encoder"":0}","{""accelerator"":6,""cpu"":6,""encoder"":6}",,,,,,,
1.0,rsu,rsu-1,rsu-1:ingress,rsu_ingress_cpu,1,0,0,0,0.0,0.0,0,72.0829015707015,0.0,,,,,0,16,0,8589934592,0.0,30.0,False
1.0,rsu,rsu-1,rsu-1:gpu,rsu_gpu,2,0,0,0,0.0,0.0,0,72.0829015707015,0.0,,,,,0,16,0,8589934592,0.0,30.0,False
1.0,rsu,rsu-2,rsu-2:ingress,rsu_ingress_cpu,1,0,0,0,0.0,0.0,0,57.99999999999999,0.0,,,,,0,10,0,6442450944,0.0,18.0,False
1.0,rsu,rsu-2,rsu-2:gpu,rsu_gpu,1,0,0,0,0.0,0.0,0,57.99999999999999,0.0,,,,,0,10,0,6442450944,0.0,18.0,False
1.04,vehicle,veh-1,veh-1:accelerator,accelerator,1,0,0,0,0.09860152299999991,0.09480915673076915,1,9.819379599020436,,0,1073741824,"{""accelerator"":0,""cpu"":0,""encoder"":0}","{""accelerator"":8,""cpu"":8,""encoder"":8}",,,,,,,
1.04,vehicle,veh-1,veh-1:cpu,cpu,1,0,0,0,0.007499999999999951,0.007211538461538414,1,9.819379599020436,,0,1073741824,"{""accelerator"":0,""cpu"":0,""encoder"":0}","{""accelerator"":8,""cpu"":8,""encoder"":8}",,,,,,,
1.04,vehicle,veh-1,veh-1:encoder,encoder,1,0,0,0,0.007427799999999984,0.007142115384615369,1,9.819379599020436,,0,1073741824,"{""accelerator"":0,""cpu"":0,""encoder"":0}","{""accelerator"":8,""cpu"":8,""encoder"":8}",,,,,,,
1.04,vehicle,veh-2,veh-2:accelerator,accelerator,1,0,0,0,0.0,0.0,0,6.760000000000002,,0,805306368,"{""accelerator"":0,""cpu"":0,""encoder"":0}","{""accelerator"":6,""cpu"":6,""encoder"":6}",,,,,,,
1.04,vehicle,veh-2,veh-2:cpu,cpu,1,0,0,0,0.0,0.0,0,6.760000000000002,,0,805306368,"{""accelerator"":0,""cpu"":0,""encoder"":0}","{""accelerator"":6,""cpu"":6,""encoder"":6}",,,,,,,
1.04,vehicle,veh-2,veh-2:encoder,encoder,1,0,0,0,0.0,0.0,0,6.760000000000002,,0,805306368,"{""accelerator"":0,""cpu"":0,""encoder"":0}","{""accelerator"":6,""cpu"":6,""encoder"":6}",,,,,,,
1.04,rsu,rsu-1,rsu-1:ingress,rsu_ingress_cpu,1,0,0,0,0.0,0.0,0,74.96290157070149,0.0,,,,,0,16,0,8589934592,0.0,30.0,False
1.04,rsu,rsu-1,rsu-1:gpu,rsu_gpu,2,0,0,0,0.0,0.0,0,74.96290157070149,0.0,,,,,0,16,0,8589934592,0.0,30.0,False
1.04,rsu,rsu-2,rsu-2:ingress,rsu_ingress_cpu,1,0,0,0,0.0,0.0,0,60.31999999999999,0.0,,,,,0,10,0,6442450944,0.0,18.0,False
1.04,rsu,rsu-2,rsu-2:gpu,rsu_gpu,1,0,0,0,0.0,0.0,0,60.31999999999999,0.0,,,,,0,10,0,6442450944,0.0,18.0,False
1.2,vehicle,veh-1,veh-1:accelerator,accelerator,1,0,0,0,0.09860152299999991,0.08216793583333326,1,11.099379599020436,,0,1073741824,"{""accelerator"":0,""cpu"":0,""encoder"":0}","{""accelerator"":8,""cpu"":8,""encoder"":8}",,,,,,,
1.2,vehicle,veh-1,veh-1:cpu,cpu,1,0,0,0,0.007499999999999951,0.00624999999999996,1,11.099379599020436,,0,1073741824,"{""accelerator"":0,""cpu"":0,""encoder"":0}","{""accelerator"":8,""cpu"":8,""encoder"":8}",,,,,,,
1.2,vehicle,veh-1,veh-1:encoder,encoder,1,0,0,0,0.007427799999999984,0.006189833333333321,1,11.099379599020436,,0,1073741824,"{""accelerator"":0,""cpu"":0,""encoder"":0}","{""accelerator"":8,""cpu"":8,""encoder"":8}",,,,,,,
1.2,vehicle,veh-2,veh-2:accelerator,accelerator,1,0,0,0,0.0,0.0,0,7.800000000000001,,0,805306368,"{""accelerator"":0,""cpu"":0,""encoder"":0}","{""accelerator"":6,""cpu"":6,""encoder"":6}",,,,,,,
1.2,vehicle,veh-2,veh-2:cpu,cpu,1,0,0,0,0.0,0.0,0,7.800000000000001,,0,805306368,"{""accelerator"":0,""cpu"":0,""encoder"":0}","{""accelerator"":6,""cpu"":6,""encoder"":6}",,,,,,,
1.2,vehicle,veh-2,veh-2:encoder,encoder,1,0,0,0,0.0,0.0,0,7.800000000000001,,0,805306368,"{""accelerator"":0,""cpu"":0,""encoder"":0}","{""accelerator"":6,""cpu"":6,""encoder"":6}",,,,,,,
1.2,rsu,rsu-1,rsu-1:ingress,rsu_ingress_cpu,1,0,0,0,0.0,0.0,0,86.48290157070149,0.0,,,,,0,16,0,8589934592,0.0,30.0,False
1.2,rsu,rsu-1,rsu-1:gpu,rsu_gpu,2,0,0,0,0.0,0.0,0,86.48290157070149,0.0,,,,,0,16,0,8589934592,0.0,30.0,False
1.2,rsu,rsu-2,rsu-2:ingress,rsu_ingress_cpu,1,0,0,0,0.0,0.0,0,69.6,0.0,,,,,0,10,0,6442450944,0.0,18.0,False
1.2,rsu,rsu-2,rsu-2:gpu,rsu_gpu,1,0,0,0,0.0,0.0,0,69.6,0.0,,,,,0,10,0,6442450944,0.0,18.0,False
1.25,vehicle,veh-1,veh-1:accelerator,accelerator,1,0,0,0,0.09860152299999991,0.07888121839999993,1,11.499379599020436,,0,1073741824,"{""accelerator"":0,""cpu"":0,""encoder"":0}","{""accelerator"":8,""cpu"":8,""encoder"":8}",,,,,,,
1.25,vehicle,veh-1,veh-1:cpu,cpu,1,0,0,0,0.007499999999999951,0.005999999999999961,1,11.499379599020436,,0,1073741824,"{""accelerator"":0,""cpu"":0,""encoder"":0}","{""accelerator"":8,""cpu"":8,""encoder"":8}",,,,,,,
1.25,vehicle,veh-1,veh-1:encoder,encoder,1,0,0,0,0.007427799999999984,0.0059422399999999875,1,11.499379599020436,,0,1073741824,"{""accelerator"":0,""cpu"":0,""encoder"":0}","{""accelerator"":8,""cpu"":8,""encoder"":8}",,,,,,,
1.25,vehicle,veh-2,veh-2:accelerator,accelerator,1,0,0,0,0.0,0.0,0,8.125000000000002,,0,805306368,"{""accelerator"":0,""cpu"":0,""encoder"":0}","{""accelerator"":6,""cpu"":6,""encoder"":6}",,,,,,,
1.25,vehicle,veh-2,veh-2:cpu,cpu,1,0,0,0,0.0,0.0,0,8.125000000000002,,0,805306368,"{""accelerator"":0,""cpu"":0,""encoder"":0}","{""accelerator"":6,""cpu"":6,""encoder"":6}",,,,,,,
1.25,vehicle,veh-2,veh-2:encoder,encoder,1,0,0,0,0.0,0.0,0,8.125000000000002,,0,805306368,"{""accelerator"":0,""cpu"":0,""encoder"":0}","{""accelerator"":6,""cpu"":6,""encoder"":6}",,,,,,,
1.25,rsu,rsu-1,rsu-1:ingress,rsu_ingress_cpu,1,0,0,0,0.0,0.0,0,90.0829015707015,0.0,,,,,0,16,0,8589934592,0.0,30.0,False
1.25,rsu,rsu-1,rsu-1:gpu,rsu_gpu,2,0,0,0,0.0,0.0,0,90.0829015707015,0.0,,,,,0,16,0,8589934592,0.0,30.0,False
1.25,rsu,rsu-2,rsu-2:ingress,rsu_ingress_cpu,1,0,0,0,0.0,0.0,0,72.5,0.0,,,,,0,10,0,6442450944,0.0,18.0,False
1.25,rsu,rsu-2,rsu-2:gpu,rsu_gpu,1,0,0,0,0.0,0.0,0,72.5,0.0,,,,,0,10,0,6442450944,0.0,18.0,False
1.29,vehicle,veh-1,veh-1:accelerator,accelerator,1,0,0,0,0.09860152299999991,0.07643528914728676,1,11.819379599020436,,0,1073741824,"{""accelerator"":0,""cpu"":0,""encoder"":0}","{""accelerator"":8,""cpu"":8,""encoder"":8}",,,,,,,
1.29,vehicle,veh-1,veh-1:cpu,cpu,1,0,0,0,0.007499999999999951,0.005813953488372055,1,11.819379599020436,,0,1073741824,"{""accelerator"":0,""cpu"":0,""encoder"":0}","{""accelerator"":8,""cpu"":8,""encoder"":8}",,,,,,,
1.29,vehicle,veh-1,veh-1:encoder,encoder,1,0,0,0,0.007427799999999984,0.0057579844961240184,1,11.819379599020436,,0,1073741824,"{""accelerator"":0,""cpu"":0,""encoder"":0}","{""accelerator"":8,""cpu"":8,""encoder"":8}",,,,,,,
1.29,vehicle,veh-2,veh-2:accelerator,accelerator,1,0,0,0,0.0,0.0,0,8.385000000000002,,0,805306368,"{""accelerator"":0,""cpu"":0,""encoder"":0}","{""accelerator"":6,""cpu"":6,""encoder"":6}",,,,,,,
1.29,vehicle,veh-2,veh-2:cpu,cpu,1,0,0,0,0.0,0.0,0,8.385000000000002,,0,805306368,"{""accelerator"":0,""cpu"":0,""encoder"":0}","{""accelerator"":6,""cpu"":6,""encoder"":6}",,,,,,,
1.29,vehicle,veh-2,veh-2:encoder,encoder,1,0,0,0,0.0,0.0,0,8.385000000000002,,0,805306368,"{""accelerator"":0,""cpu"":0,""encoder"":0}","{""accelerator"":6,""cpu"":6,""encoder"":6}",,,,,,,
1.29,rsu,rsu-1,rsu-1:ingress,rsu_ingress_cpu,1,0,0,0,0.0,0.0,0,92.96290157070149,0.0,,,,,0,16,0,8589934592,0.0,30.0,False
1.29,rsu,rsu-1,rsu-1:gpu,rsu_gpu,2,0,0,0,0.0,0.0,0,92.96290157070149,0.0,,,,,0,16,0,8589934592,0.0,30.0,False
1.29,rsu,rsu-2,rsu-2:ingress,rsu_ingress_cpu,1,0,0,0,0.0,0.0,0,74.82000000000001,0.0,,,,,0,10,0,6442450944,0.0,18.0,False
1.29,rsu,rsu-2,rsu-2:gpu,rsu_gpu,1,0,0,0,0.0,0.0,0,74.82000000000001,0.0,,,,,0,10,0,6442450944,0.0,18.0,False
1.5,vehicle,veh-1,veh-1:accelerator,accelerator,1,0,0,0,0.09860152299999991,0.06573434866666661,1,13.499379599020436,,0,1073741824,"{""accelerator"":0,""cpu"":0,""encoder"":0}","{""accelerator"":8,""cpu"":8,""encoder"":8}",,,,,,,
1.5,vehicle,veh-1,veh-1:cpu,cpu,1,0,0,0,0.007499999999999951,0.004999999999999967,1,13.499379599020436,,0,1073741824,"{""accelerator"":0,""cpu"":0,""encoder"":0}","{""accelerator"":8,""cpu"":8,""encoder"":8}",,,,,,,
1.5,vehicle,veh-1,veh-1:encoder,encoder,1,0,0,0,0.007427799999999984,0.004951866666666656,1,13.499379599020436,,0,1073741824,"{""accelerator"":0,""cpu"":0,""encoder"":0}","{""accelerator"":8,""cpu"":8,""encoder"":8}",,,,,,,
1.5,vehicle,veh-2,veh-2:accelerator,accelerator,1,0,0,0,0.0,0.0,0,9.750000000000002,,0,805306368,"{""accelerator"":0,""cpu"":0,""encoder"":0}","{""accelerator"":6,""cpu"":6,""encoder"":6}",,,,,,,
1.5,vehicle,veh-2,veh-2:cpu,cpu,1,0,0,0,0.0,0.0,0,9.750000000000002,,0,805306368,"{""accelerator"":0,""cpu"":0,""encoder"":0}","{""accelerator"":6,""cpu"":6,""encoder"":6}",,,,,,,
1.5,vehicle,veh-2,veh-2:encoder,encoder,1,0,0,0,0.0,0.0,0,9.750000000000002,,0,805306368,"{""accelerator"":0,""cpu"":0,""encoder"":0}","{""accelerator"":6,""cpu"":6,""encoder"":6}",,,,,,,
1.5,rsu,rsu-1,rsu-1:ingress,rsu_ingress_cpu,1,0,0,0,0.0,0.0,0,108.0829015707015,0.0,,,,,0,16,0,8589934592,0.0,30.0,False
1.5,rsu,rsu-1,rsu-1:gpu,rsu_gpu,2,0,0,0,0.0,0.0,0,108.0829015707015,0.0,,,,,0,16,0,8589934592,0.0,30.0,False
1.5,rsu,rsu-2,rsu-2:ingress,rsu_ingress_cpu,1,0,0,0,0.0,0.0,0,87.0,0.0,,,,,0,10,0,6442450944,0.0,18.0,False
1.5,rsu,rsu-2,rsu-2:gpu,rsu_gpu,1,0,0,0,0.0,0.0,0,87.0,0.0,,,,,0,10,0,6442450944,0.0,18.0,False
1.54,vehicle,veh-1,veh-1:accelerator,accelerator,1,0,0,0,0.09860152299999991,0.06402696298701292,1,13.819379599020436,,0,1073741824,"{""accelerator"":0,""cpu"":0,""encoder"":0}","{""accelerator"":8,""cpu"":8,""encoder"":8}",,,,,,,
1.54,vehicle,veh-1,veh-1:cpu,cpu,1,0,0,0,0.007499999999999951,0.004870129870129838,1,13.819379599020436,,0,1073741824,"{""accelerator"":0,""cpu"":0,""encoder"":0}","{""accelerator"":8,""cpu"":8,""encoder"":8}",,,,,,,
1.54,vehicle,veh-1,veh-1:encoder,encoder,1,0,0,0,0.007427799999999984,0.004823246753246743,1,13.819379599020436,,0,1073741824,"{""accelerator"":0,""cpu"":0,""encoder"":0}","{""accelerator"":8,""cpu"":8,""encoder"":8}",,,,,,,
1.54,vehicle,veh-2,veh-2:accelerator,accelerator,1,0,0,0,0.0,0.0,0,10.010000000000002,,0,805306368,"{""accelerator"":0,""cpu"":0,""encoder"":0}","{""accelerator"":6,""cpu"":6,""encoder"":6}",,,,,,,
1.54,vehicle,veh-2,veh-2:cpu,cpu,1,0,0,0,0.0,0.0,0,10.010000000000002,,0,805306368,"{""accelerator"":0,""cpu"":0,""encoder"":0}","{""accelerator"":6,""cpu"":6,""encoder"":6}",,,,,,,
1.54,vehicle,veh-2,veh-2:encoder,encoder,1,0,0,0,0.0,0.0,0,10.010000000000002,,0,805306368,"{""accelerator"":0,""cpu"":0,""encoder"":0}","{""accelerator"":6,""cpu"":6,""encoder"":6}",,,,,,,
1.54,rsu,rsu-1,rsu-1:ingress,rsu_ingress_cpu,1,0,0,0,0.0,0.0,0,110.96290157070149,0.0,,,,,0,16,0,8589934592,0.0,30.0,False
1.54,rsu,rsu-1,rsu-1:gpu,rsu_gpu,2,0,0,0,0.0,0.0,0,110.96290157070149,0.0,,,,,0,16,0,8589934592,0.0,30.0,False
1.54,rsu,rsu-2,rsu-2:ingress,rsu_ingress_cpu,1,0,0,0,0.0,0.0,0,89.32000000000001,0.0,,,,,0,10,0,6442450944,0.0,18.0,False
1.54,rsu,rsu-2,rsu-2:gpu,rsu_gpu,1,0,0,0,0.0,0.0,0,89.32000000000001,0.0,,,,,0,10,0,6442450944,0.0,18.0,False
1.590468799,vehicle,veh-1,veh-1:accelerator,accelerator,1,0,0,0,0.09860152299999991,0.06199525766364934,1,14.223129991020436,,0,1073741824,"{""accelerator"":0,""cpu"":0,""encoder"":0}","{""accelerator"":8,""cpu"":8,""encoder"":8}",,,,,,,
1.590468799,vehicle,veh-1,veh-1:cpu,cpu,1,0,0,0,0.007499999999999951,0.004715590777207036,1,14.223129991020436,,0,1073741824,"{""accelerator"":0,""cpu"":0,""encoder"":0}","{""accelerator"":8,""cpu"":8,""encoder"":8}",,,,,,,
1.590468799,vehicle,veh-1,veh-1:encoder,encoder,1,0,0,0,0.007427799999999984,0.004670195356658477,1,14.223129991020436,,0,1073741824,"{""accelerator"":0,""cpu"":0,""encoder"":0}","{""accelerator"":8,""cpu"":8,""encoder"":8}",,,,,,,
1.590468799,vehicle,veh-2,veh-2:accelerator,accelerator,1,0,1,0.042582819,0.0,0.0,1,10.338047193500001,,67108864,805306368,"{""accelerator"":1,""cpu"":0,""encoder"":0}","{""accelerator"":6,""cpu"":6,""encoder"":6}",,,,,,,
1.590468799,vehicle,veh-2,veh-2:cpu,cpu,1,0,0,0,0.0,0.0,0,10.338047193500001,,67108864,805306368,"{""accelerator"":1,""cpu"":0,""encoder"":0}","{""accelerator"":6,""cpu"":6,""encoder"":6}",,,,,,,
1.590468799,vehicle,veh-2,veh-2:encoder,encoder,1,0,0,0,0.0,0.0,0,10.338047193500001,,67108864,805306368,"{""accelerator"":1,""cpu"":0,""encoder"":0}","{""accelerator"":6,""cpu"":6,""encoder"":6}",,,,,,,
1.590468799,rsu,rsu-1,rsu-1:ingress,rsu_ingress_cpu,1,0,0,0,0.0,0.0,0,114.59665509870149,0.0,,,,,0,16,0,8589934592,0.0,30.0,False
1.590468799,rsu,rsu-1,rsu-1:gpu,rsu_gpu,2,0,0,0,0.0,0.0,0,114.59665509870149,0.0,,,,,0,16,0,8589934592,0.0,30.0,False
1.590468799,rsu,rsu-2,rsu-2:ingress,rsu_ingress_cpu,1,0,0,0,0.0,0.0,0,92.247190342,0.0,,,,,0,10,0,6442450944,0.0,18.0,False
1.590468799,rsu,rsu-2,rsu-2:gpu,rsu_gpu,1,0,0,0,0.0,0.0,0,92.247190342,0.0,,,,,0,10,0,6442450944,0.0,18.0,False
1.6330516179999999,vehicle,veh-1,veh-1:accelerator,accelerator,1,0,0,0,0.09860152299999991,0.06037869343086492,1,14.563792543020435,,0,1073741824,"{""accelerator"":0,""cpu"":0,""encoder"":0}","{""accelerator"":8,""cpu"":8,""encoder"":8}",,,,,,,
1.6330516179999999,vehicle,veh-1,veh-1:cpu,cpu,1,0,0,0,0.007499999999999951,0.004592628865696976,1,14.563792543020435,,0,1073741824,"{""accelerator"":0,""cpu"":0,""encoder"":0}","{""accelerator"":8,""cpu"":8,""encoder"":8}",,,,,,,
1.6330516179999999,vehicle,veh-1,veh-1:encoder,encoder,1,0,0,0,0.007427799999999984,0.00454841715848322,1,14.563792543020435,,0,1073741824,"{""accelerator"":0,""cpu"":0,""encoder"":0}","{""accelerator"":8,""cpu"":8,""encoder"":8}",,,,,,,
1.6330516179999999,vehicle,veh-2,veh-2:accelerator,accelerator,1,0,0,0,0.04258281899999994,0.02607561116295342,1,10.93905831928,,268435456,805306368,"{""accelerator"":1,""cpu"":1,""encoder"":1}","{""accelerator"":6,""cpu"":6,""encoder"":6}",,,,,,,
1.6330516179999999,vehicle,veh-2,veh-2:cpu,cpu,1,0,0,0,0.0,0.0,0,10.93905831928,,268435456,805306368,"{""accelerator"":1,""cpu"":1,""encoder"":1}","{""accelerator"":6,""cpu"":6,""encoder"":6}",,,,,,,
1.6330516179999999,vehicle,veh-2,veh-2:encoder,encoder,1,0,0,0,0.0,0.0,0,10.93905831928,,268435456,805306368,"{""accelerator"":1,""cpu"":1,""encoder"":1}","{""accelerator"":6,""cpu"":6,""encoder"":6}",,,,,,,
1.6330516179999999,rsu,rsu-1,rsu-1:ingress,rsu_ingress_cpu,1,0,0,0,0.0,0.0,0,117.66261806670148,0.0,,,,,0,16,0,8589934592,0.0,30.0,False
1.6330516179999999,rsu,rsu-1,rsu-1:gpu,rsu_gpu,2,0,0,0,0.0,0.0,0,117.66261806670148,0.0,,,,,0,16,0,8589934592,0.0,30.0,False
1.6330516179999999,rsu,rsu-2,rsu-2:ingress,rsu_ingress_cpu,1,0,0,0,0.0,0.0,0,94.71699384399999,0.0,,,,,0,10,0,6442450944,0.0,18.0,False
1.6330516179999999,rsu,rsu-2,rsu-2:gpu,rsu_gpu,1,0,0,0,0.0,0.0,0,94.71699384399999,0.0,,,,,0,10,0,6442450944,0.0,18.0,False
1.6338516179999998,vehicle,veh-1,veh-1:accelerator,accelerator,1,0,0,0,0.09860152299999991,0.0603491295743846,1,14.570192543020434,,0,1073741824,"{""accelerator"":0,""cpu"":0,""encoder"":0}","{""accelerator"":8,""cpu"":8,""encoder"":8}",,,,,,,
1.6338516179999998,vehicle,veh-1,veh-1:cpu,cpu,1,0,0,0,0.007499999999999951,0.00459038012838688,1,14.570192543020434,,0,1073741824,"{""accelerator"":0,""cpu"":0,""encoder"":0}","{""accelerator"":8,""cpu"":8,""encoder"":8}",,,,,,,
1.6338516179999998,vehicle,veh-1,veh-1:encoder,encoder,1,0,0,0,0.007427799999999984,0.00454619006901763,1,14.570192543020434,,0,1073741824,"{""accelerator"":0,""cpu"":0,""encoder"":0}","{""accelerator"":8,""cpu"":8,""encoder"":8}",,,,,,,
1.6338516179999998,vehicle,veh-2,veh-2:accelerator,accelerator,1,0,1,0.044404068,0.04258281899999994,0.026062843486439502,1,10.944354319279999,,268435456,805306368,"{""accelerator"":1,""cpu"":1,""encoder"":1}","{""accelerator"":6,""cpu"":6,""encoder"":6}",,,,,,,
1.6338516179999998,vehicle,veh-2,veh-2:cpu,cpu,1,0,0,0,0.0,0.0,0,10.944354319279999,,268435456,805306368,"{""accelerator"":1,""cpu"":1,""encoder"":1}","{""accelerator"":6,""cpu"":6,""encoder"":6}",,,,,,,
1.6338516179999998,vehicle,veh-2,veh-2:encoder,encoder,1,0,0,0,0.0,0.0,0,10.944354319279999,,268435456,805306368,"{""accelerator"":1,""cpu"":1,""encoder"":1}","{""accelerator"":6,""cpu"":6,""encoder"":6}",,,,,,,
1.6338516179999998,rsu,rsu-1,rsu-1:ingress,rsu_ingress_cpu,1,0,0,0,0.0,0.0,0,117.72021806670148,0.0,,,,,0,16,0,8589934592,0.0,30.0,False
1.6338516179999998,rsu,rsu-1,rsu-1:gpu,rsu_gpu,2,0,0,0,0.0,0.0,0,117.72021806670148,0.0,,,,,0,16,0,8589934592,0.0,30.0,False
1.6338516179999998,rsu,rsu-2,rsu-2:ingress,rsu_ingress_cpu,1,0,0,0,0.0,0.0,0,94.76339384399998,0.0,,,,,0,10,0,6442450944,0.0,18.0,False
1.6338516179999998,rsu,rsu-2,rsu-2:gpu,rsu_gpu,1,0,0,0,0.0,0.0,0,94.76339384399998,0.0,,,,,0,10,0,6442450944,0.0,18.0,False
1.6782556859999997,vehicle,veh-1,veh-1:accelerator,accelerator,1,0,0,0,0.09860152299999991,0.05875238428955332,1,14.925425087020434,,0,1073741824,"{""accelerator"":0,""cpu"":0,""encoder"":0}","{""accelerator"":8,""cpu"":8,""encoder"":8}",,,,,,,
1.6782556859999997,vehicle,veh-1,veh-1:cpu,cpu,1,0,0,0,0.007499999999999951,0.004468925720058577,1,14.925425087020434,,0,1073741824,"{""accelerator"":0,""cpu"":0,""encoder"":0}","{""accelerator"":8,""cpu"":8,""encoder"":8}",,,,,,,
1.6782556859999997,vehicle,veh-1,veh-1:encoder,encoder,1,0,0,0,0.007427799999999984,0.0044259048617935,1,14.925425087020434,,0,1073741824,"{""accelerator"":0,""cpu"":0,""encoder"":0}","{""accelerator"":8,""cpu"":8,""encoder"":8}",,,,,,,
1.6782556859999997,vehicle,veh-2,veh-2:accelerator,accelerator,1,0,0,0,0.0869868869999999,0.05183172488295083,1,11.615743824439999,,268435456,805306368,"{""accelerator"":1,""cpu"":1,""encoder"":1}","{""accelerator"":6,""cpu"":6,""encoder"":6}",,,,,,,
1.6782556859999997,vehicle,veh-2,veh-2:cpu,cpu,1,0,1,0.0075,0.0,0.0,1,11.615743824439999,,268435456,805306368,"{""accelerator"":1,""cpu"":1,""encoder"":1}","{""accelerator"":6,""cpu"":6,""encoder"":6}",,,,,,,
1.6782556859999997,vehicle,veh-2,veh-2:encoder,encoder,1,0,0,0,0.0,0.0,0,11.615743824439999,,268435456,805306368,"{""accelerator"":1,""cpu"":1,""encoder"":1}","{""accelerator"":6,""cpu"":6,""encoder"":6}",,,,,,,
1.6782556859999997,rsu,rsu-1,rsu-1:ingress,rsu_ingress_cpu,1,0,0,0,0.0,0.0,0,120.91731096270148,0.0,,,,,0,16,0,8589934592,0.0,30.0,False
1.6782556859999997,rsu,rsu-1,rsu-1:gpu,rsu_gpu,2,0,0,0,0.0,0.0,0,120.91731096270148,0.0,,,,,0,16,0,8589934592,0.0,30.0,False
1.6782556859999997,rsu,rsu-2,rsu-2:ingress,rsu_ingress_cpu,1,0,0,0,0.0,0.0,0,97.33882978799997,0.0,,,,,0,10,0,6442450944,0.0,18.0,False
1.6782556859999997,rsu,rsu-2,rsu-2:gpu,rsu_gpu,1,0,0,0,0.0,0.0,0,97.33882978799997,0.0,,,,,0,10,0,6442450944,0.0,18.0,False
1.6857556859999998,vehicle,veh-1,veh-1:accelerator,accelerator,1,0,0,0,0.09860152299999991,0.05849099238927314,1,14.985425087020435,,0,1073741824,"{""accelerator"":0,""cpu"":0,""encoder"":0}","{""accelerator"":8,""cpu"":8,""encoder"":8}",,,,,,,
1.6857556859999998,vehicle,veh-1,veh-1:cpu,cpu,1,0,0,0,0.007499999999999951,0.004449043276132217,1,14.985425087020435,,0,1073741824,"{""accelerator"":0,""cpu"":0,""encoder"":0}","{""accelerator"":8,""cpu"":8,""encoder"":8}",,,,,,,
1.6857556859999998,vehicle,veh-1,veh-1:encoder,encoder,1,0,0,0,0.007427799999999984,0.004406213819527337,1,14.985425087020435,,0,1073741824,"{""accelerator"":0,""cpu"":0,""encoder"":0}","{""accelerator"":8,""cpu"":8,""encoder"":8}",,,,,,,
1.6857556859999998,vehicle,veh-2,veh-2:accelerator,accelerator,1,0,0,0,0.0869868869999999,0.05160112329587,1,11.710393824439999,,268435456,805306368,"{""accelerator"":1,""cpu"":1,""encoder"":1}","{""accelerator"":6,""cpu"":6,""encoder"":6}",,,,,,,
1.6857556859999998,vehicle,veh-2,veh-2:cpu,cpu,1,0,0,0,0.007500000000000062,0.004449043276132283,1,11.710393824439999,,268435456,805306368,"{""accelerator"":1,""cpu"":1,""encoder"":1}","{""accelerator"":6,""cpu"":6,""encoder"":6}",,,,,,,
1.6857556859999998,vehicle,veh-2,veh-2:encoder,encoder,1,0,1,0.0074278,0.0,0.0,1,11.710393824439999,,268435456,805306368,"{""accelerator"":1,""cpu"":1,""encoder"":1}","{""accelerator"":6,""cpu"":6,""encoder"":6}",,,,,,,
1.6857556859999998,rsu,rsu-1,rsu-1:ingress,rsu_ingress_cpu,1,0,0,0,0.0,0.0,0,121.45731096270148,0.0,,,,,0,16,0,8589934592,0.0,30.0,False
1.6857556859999998,rsu,rsu-1,rsu-1:gpu,rsu_gpu,2,0,0,0,0.0,0.0,0,121.45731096270148,0.0,,,,,0,16,0,8589934592,0.0,30.0,False
1.6857556859999998,rsu,rsu-2,rsu-2:ingress,rsu_ingress_cpu,1,0,0,0,0.0,0.0,0,97.77382978799997,0.0,,,,,0,10,0,6442450944,0.0,18.0,False
1.6857556859999998,rsu,rsu-2,rsu-2:gpu,rsu_gpu,1,0,0,0,0.0,0.0,0,97.77382978799997,0.0,,,,,0,10,0,6442450944,0.0,18.0,False
1.693183486,vehicle,veh-1,veh-1:accelerator,accelerator,1,0,0,0,0.09860152299999991,0.05823439917485701,1,15.044847487020435,,0,1073741824,"{""accelerator"":0,""cpu"":0,""encoder"":0}","{""accelerator"":8,""cpu"":8,""encoder"":8}",,,,,,,
1.693183486,vehicle,veh-1,veh-1:cpu,cpu,1,0,0,0,0.007499999999999951,0.004429525838170118,1,15.044847487020435,,0,1073741824,"{""accelerator"":0,""cpu"":0,""encoder"":0}","{""accelerator"":8,""cpu"":8,""encoder"":8}",,,,,,,
1.693183486,vehicle,veh-1,veh-1:encoder,encoder,1,0,0,0,0.007427799999999984,0.004386884269434686,1,15.044847487020435,,0,1073741824,"{""accelerator"":0,""cpu"":0,""encoder"":0}","{""accelerator"":8,""cpu"":8,""encoder"":8}",,,,,,,
1.693183486,vehicle,veh-2,veh-2:accelerator,accelerator,1,0,0,0,0.0869868869999999,0.05137475513979818,1,11.80570486044,,268435456,805306368,"{""accelerator"":1,""cpu"":0,""encoder"":0}","{""accelerator"":6,""cpu"":6,""encoder"":6}",,,,,,,
1.693183486,vehicle,veh-2,veh-2:cpu,cpu,1,0,0,0,0.007500000000000062,0.0044295258381701836,1,11.80570486044,,268435456,805306368,"{""accelerator"":1,""cpu"":0,""encoder"":0}","{""accelerator"":6,""cpu"":6,""encoder"":6}",,,,,,,
1.693183486,vehicle,veh-2,veh-2:encoder,encoder,1,0,0,0,0.0074278000000000954,0.004386884269434751,1,11.80570486044,,268435456,805306368,"{""accelerator"":1,""cpu"":0,""encoder"":0}","{""accelerator"":6,""cpu"":6,""encoder"":6}",,,,,,,
1.693183486,rsu,rsu-1,rsu-1:ingress,rsu_ingress_cpu,1,0,0,0,0.0,0.0,0,121.9921125627015,0.0,,,,,0,16,0,8589934592,0.0,30.0,False
1.693183486,rsu,rsu-1,rsu-1:gpu,rsu_gpu,2,0,0,0,0.0,0.0,0,121.9921125627015,0.0,,,,,0,16,0,8589934592,0.0,30.0,False
1.693183486,rsu,rsu-2,rsu-2:ingress,rsu_ingress_cpu,1,0,0,0,0.0,0.0,0,98.20464218799998,0.0,,,,,0,10,0,6442450944,0.0,18.0,False
1.693183486,rsu,rsu-2,rsu-2:gpu,rsu_gpu,1,0,0,0,0.0,0.0,0,98.20464218799998,0.0,,,,,0,10,0,6442450944,0.0,18.0,False
1.6939834859999998,vehicle,veh-1,veh-1:accelerator,accelerator,1,0,0,0,0.09860152299999991,0.05820689741954186,1,15.051247487020435,,0,1073741824,"{""accelerator"":0,""cpu"":0,""encoder"":0}","{""accelerator"":8,""cpu"":8,""encoder"":8}",,,,,,,
1.6939834859999998,vehicle,veh-1,veh-1:cpu,cpu,1,0,0,0,0.007499999999999951,0.004427433951974165,1,15.051247487020435,,0,1073741824,"{""accelerator"":0,""cpu"":0,""encoder"":0}","{""accelerator"":8,""cpu"":8,""encoder"":8}",,,,,,,
1.6939834859999998,vehicle,veh-1,veh-1:encoder,encoder,1,0,0,0,0.007427799999999984,0.004384812521129846,1,15.051247487020435,,0,1073741824,"{""accelerator"":0,""cpu"":0,""encoder"":0}","{""accelerator"":8,""cpu"":8,""encoder"":8}",,,,,,,
1.6939834859999998,vehicle,veh-2,veh-2:accelerator,accelerator,1,0,0,0,0.0869868869999999,0.051350492917378955,1,11.81100086044,,268435456,805306368,"{""accelerator"":1,""cpu"":0,""encoder"":0}","{""accelerator"":6,""cpu"":6,""encoder"":6}",,,,,,,
1.6939834859999998,vehicle,veh-2,veh-2:cpu,cpu,1,0,0,0,0.007500000000000062,0.00442743395197423,1,11.81100086044,,268435456,805306368,"{""accelerator"":1,""cpu"":0,""encoder"":0}","{""accelerator"":6,""cpu"":6,""encoder"":6}",,,,,,,
1.6939834859999998,vehicle,veh-2,veh-2:encoder,encoder,1,0,0,0,0.0074278000000000954,0.004384812521129912,1,11.81100086044,,268435456,805306368,"{""accelerator"":1,""cpu"":0,""encoder"":0}","{""accelerator"":6,""cpu"":6,""encoder"":6}",,,,,,,
1.6939834859999998,rsu,rsu-1,rsu-1:ingress,rsu_ingress_cpu,1,0,0,0,0.0,0.0,0,122.04971256270149,0.0,,,,,0,16,0,8589934592,0.0,30.0,False
1.6939834859999998,rsu,rsu-1,rsu-1:gpu,rsu_gpu,2,0,0,0,0.0,0.0,0,122.04971256270149,0.0,,,,,0,16,0,8589934592,0.0,30.0,False
1.6939834859999998,rsu,rsu-2,rsu-2:ingress,rsu_ingress_cpu,1,0,0,0,0.0,0.0,0,98.25104218799997,0.0,,,,,0,10,0,6442450944,0.0,18.0,False
1.6939834859999998,rsu,rsu-2,rsu-2:gpu,rsu_gpu,1,0,0,0,0.0,0.0,0,98.25104218799997,0.0,,,,,0,10,0,6442450944,0.0,18.0,False
1.75,vehicle,veh-1,veh-1:accelerator,accelerator,1,0,0,0,0.09860152299999991,0.056343727428571376,1,15.499379599020436,,0,1073741824,"{""accelerator"":0,""cpu"":0,""encoder"":0}","{""accelerator"":8,""cpu"":8,""encoder"":8}",,,,,,,
1.75,vehicle,veh-1,veh-1:cpu,cpu,1,0,0,0,0.007499999999999951,0.004285714285714258,1,15.499379599020436,,0,1073741824,"{""accelerator"":0,""cpu"":0,""encoder"":0}","{""accelerator"":8,""cpu"":8,""encoder"":8}",,,,,,,
1.75,vehicle,veh-1,veh-1:encoder,encoder,1,0,0,0,0.007427799999999984,0.004244457142857134,1,15.499379599020436,,0,1073741824,"{""accelerator"":0,""cpu"":0,""encoder"":0}","{""accelerator"":8,""cpu"":8,""encoder"":8}",,,,,,,
1.75,vehicle,veh-2,veh-2:accelerator,accelerator,1,0,0,0,0.0869868869999999,0.049706792571428515,1,12.36668467932,,268435456,805306368,"{""accelerator"":1,""cpu"":0,""encoder"":0}","{""accelerator"":6,""cpu"":6,""encoder"":6}",,,,,,,
1.75,vehicle,veh-2,veh-2:cpu,cpu,1,0,0,0,0.007500000000000062,0.0042857142857143215,1,12.36668467932,,268435456,805306368,"{""accelerator"":1,""cpu"":0,""encoder"":0}","{""accelerator"":6,""cpu"":6,""encoder"":6}",,,,,,,
1.75,vehicle,veh-2,veh-2:encoder,encoder,1,0,0,0,0.0074278000000000954,0.0042444571428571975,1,12.36668467932,,268435456,805306368,"{""accelerator"":1,""cpu"":0,""encoder"":0}","{""accelerator"":6,""cpu"":6,""encoder"":6}",,,,,,,
1.75,rsu,rsu-1,rsu-1:ingress,rsu_ingress_cpu,1,0,0,0,0.0,0.0,0,126.15852386460149,0.0,,,,,0,16,0,8589934592,0.0,30.0,False
1.75,rsu,rsu-1,rsu-1:gpu,rsu_gpu,2,0,0,0,0.0,0.0,0,126.15852386460149,0.0,,,,,0,16,0,8589934592,0.0,30.0,False
1.75,rsu,rsu-2,rsu-2:ingress,rsu_ingress_cpu,1,0,0,0,0.0,0.0,0,101.49999999999999,0.0,,,,,0,10,0,6442450944,0.0,18.0,False
1.75,rsu,rsu-2,rsu-2:gpu,rsu_gpu,1,0,0,0,0.0,0.0,0,101.49999999999999,0.0,,,,,0,10,0,6442450944,0.0,18.0,False
1.750845542366764,vehicle,veh-1,veh-1:accelerator,accelerator,1,0,0,0,0.09860152299999991,0.05631651714217578,1,15.506143937954548,,0,1073741824,"{""accelerator"":0,""cpu"":0,""encoder"":0}","{""accelerator"":8,""cpu"":8,""encoder"":8}",,,,,,,
1.750845542366764,vehicle,veh-1,veh-1:cpu,cpu,1,0,0,0,0.007499999999999951,0.004283644569732619,1,15.506143937954548,,0,1073741824,"{""accelerator"":0,""cpu"":0,""encoder"":0}","{""accelerator"":8,""cpu"":8,""encoder"":8}",,,,,,,
1.750845542366764,vehicle,veh-1,veh-1:encoder,encoder,1,0,0,0,0.007427799999999984,0.004242407351341346,1,15.506143937954548,,0,1073741824,"{""accelerator"":0,""cpu"":0,""encoder"":0}","{""accelerator"":8,""cpu"":8,""encoder"":8}",,,,,,,
1.750845542366764,vehicle,veh-2,veh-2:accelerator,accelerator,1,0,0,0,0.0869868869999999,0.04968278748473293,1,12.375072459598298,,268435456,805306368,"{""accelerator"":1,""cpu"":0,""encoder"":0}","{""accelerator"":6,""cpu"":6,""encoder"":6}",,,,,,,
1.750845542366764,vehicle,veh-2,veh-2:cpu,cpu,1,0,0,0,0.007500000000000062,0.0042836445697326826,1,12.375072459598298,,268435456,805306368,"{""accelerator"":1,""cpu"":0,""encoder"":0}","{""accelerator"":6,""cpu"":6,""encoder"":6}",,,,,,,
1.750845542366764,vehicle,veh-2,veh-2:encoder,encoder,1,0,0,0,0.0074278000000000954,0.004242407351341409,1,12.375072459598298,,268435456,805306368,"{""accelerator"":1,""cpu"":0,""encoder"":0}","{""accelerator"":6,""cpu"":6,""encoder"":6}",,,,,,,
1.750845542366764,rsu,rsu-1,rsu-1:ingress,rsu_ingress_cpu,1,0,1,0.003,0.0,0.0,1,126.22054439720362,0.0,,,,,1,16,805306368,8589934592,0.03,30.0,False
1.750845542366764,rsu,rsu-1,rsu-1:gpu,rsu_gpu,2,0,0,0,0.0,0.0,0,126.22054439720362,0.0,,,,,1,16,805306368,8589934592,0.03,30.0,False
1.750845542366764,rsu,rsu-2,rsu-2:ingress,rsu_ingress_cpu,1,0,0,0,0.0,0.0,0,101.5490414572723,0.0,,,,,0,10,0,6442450944,0.0,18.0,False
1.750845542366764,rsu,rsu-2,rsu-2:gpu,rsu_gpu,1,0,0,0,0.0,0.0,0,101.5490414572723,0.0,,,,,0,10,0,6442450944,0.0,18.0,False
1.7538455423667638,vehicle,veh-1,veh-1:accelerator,accelerator,1,0,0,0,0.09860152299999991,0.05622018622400466,1,15.530143937954547,,0,1073741824,"{""accelerator"":0,""cpu"":0,""encoder"":0}","{""accelerator"":8,""cpu"":8,""encoder"":8}",,,,,,,
1.7538455423667638,vehicle,veh-1,veh-1:cpu,cpu,1,0,0,0,0.007499999999999951,0.00427631728041394,1,15.530143937954547,,0,1073741824,"{""accelerator"":0,""cpu"":0,""encoder"":0}","{""accelerator"":8,""cpu"":8,""encoder"":8}",,,,,,,
1.7538455423667638,vehicle,veh-1,veh-1:encoder,encoder,1,0,0,0,0.007427799999999984,0.004235150599394507,1,15.530143937954547,,0,1073741824,"{""accelerator"":0,""cpu"":0,""encoder"":0}","{""accelerator"":8,""cpu"":8,""encoder"":8}",,,,,,,
1.7538455423667638,vehicle,veh-2,veh-2:accelerator,accelerator,1,0,0,0,0.0869868869999999,0.0495978037396689,1,12.394932459598298,,268435456,805306368,"{""accelerator"":1,""cpu"":0,""encoder"":0}","{""accelerator"":6,""cpu"":6,""encoder"":6}",,,,,,,
1.7538455423667638,vehicle,veh-2,veh-2:cpu,cpu,1,0,0,0,0.007500000000000062,0.004276317280414004,1,12.394932459598298,,268435456,805306368,"{""accelerator"":1,""cpu"":0,""encoder"":0}","{""accelerator"":6,""cpu"":6,""encoder"":6}",,,,,,,
1.7538455423667638,vehicle,veh-2,veh-2:encoder,encoder,1,0,0,0,0.0074278000000000954,0.0042351505993945705,1,12.394932459598298,,268435456,805306368,"{""accelerator"":1,""cpu"":0,""encoder"":0}","{""accelerator"":6,""cpu"":6,""encoder"":6}",,,,,,,
1.7538455423667638,rsu,rsu-1,rsu-1:ingress,rsu_ingress_cpu,1,0,0,0,0.0029999999999998916,0.0017105269121655254,1,126.4900443972036,0.0,,,,,1,16,805306368,8589934592,0.03,30.0,False
1.7538455423667638,rsu,rsu-1,rsu-1:gpu,rsu_gpu,2,0,1,0.020062239,0.0,0.0,1,126.4900443972036,0.0,,,,,1,16,805306368,8589934592,0.03,30.0,False
1.7538455423667638,rsu,rsu-2,rsu-2:ingress,rsu_ingress_cpu,1,0,0,0,0.0,0.0,0,101.72304145727229,0.0,,,,,0,10,0,6442450944,0.0,18.0,False
1.7538455423667638,rsu,rsu-2,rsu-2:gpu,rsu_gpu,1,0,0,0,0.0,0.0,0,101.72304145727229,0.0,,,,,0,10,0,6442450944,0.0,18.0,False
1.7739077813667639,vehicle,veh-1,veh-1:accelerator,accelerator,1,0,0,0,0.09860152299999991,0.05558435677193389,1,15.690641849954547,,0,1073741824,"{""accelerator"":0,""cpu"":0,""encoder"":0}","{""accelerator"":8,""cpu"":8,""encoder"":8}",,,,,,,
1.7739077813667639,vehicle,veh-1,veh-1:cpu,cpu,1,0,0,0,0.007499999999999951,0.004227953718214899,1,15.690641849954547,,0,1073741824,"{""accelerator"":0,""cpu"":0,""encoder"":0}","{""accelerator"":8,""cpu"":8,""encoder"":8}",,,,,,,
1.7739077813667639,vehicle,veh-1,veh-1:encoder,encoder,1,0,0,0,0.007427799999999984,0.004187252617087568,1,15.690641849954547,,0,1073741824,"{""accelerator"":0,""cpu"":0,""encoder"":0}","{""accelerator"":8,""cpu"":8,""encoder"":8}",,,,,,,
1.7739077813667639,vehicle,veh-2,veh-2:accelerator,accelerator,1,0,0,0,0.0869868869999999,0.04903687097701216,1,12.527744481778297,,268435456,805306368,"{""accelerator"":1,""cpu"":0,""encoder"":0}","{""accelerator"":6,""cpu"":6,""encoder"":6}",,,,,,,
1.7739077813667639,vehicle,veh-2,veh-2:cpu,cpu,1,0,0,0,0.007500000000000062,0.004227953718214961,1,12.527744481778297,,268435456,805306368,"{""accelerator"":1,""cpu"":0,""encoder"":0}","{""accelerator"":6,""cpu"":6,""encoder"":6}",,,,,,,
1.7739077813667639,vehicle,veh-2,veh-2:encoder,encoder,1,0,0,0,0.0074278000000000954,0.004187252617087631,1,12.527744481778297,,268435456,805306368,"{""accelerator"":1,""cpu"":0,""encoder"":0}","{""accelerator"":6,""cpu"":6,""encoder"":6}",,,,,,,
1.7739077813667639,rsu,rsu-1,rsu-1:ingress,rsu_ingress_cpu,1,0,0,0,0.0029999999999998916,0.0016911814872859095,1,128.7470462787036,0.0,,,,,0,16,0,8589934592,0.0,30.0,False
1.7739077813667639,rsu,rsu-1,rsu-1:gpu,rsu_gpu,2,0,0,0,0.020062239000000037,0.005654814531717778,1,128.7470462787036,0.0,,,,,0,16,0,8589934592,0.0,30.0,False
1.7739077813667639,rsu,rsu-2,rsu-2:ingress,rsu_ingress_cpu,1,0,0,0,0.0,0.0,0,102.88665131927229,0.0,,,,,0,10,0,6442450944,0.0,18.0,False
1.7739077813667639,rsu,rsu-2,rsu-2:gpu,rsu_gpu,1,0,0,0,0.0,0.0,0,102.88665131927229,0.0,,,,,0,10,0,6442450944,0.0,18.0,False
1.7740306904064336,vehicle,veh-1,veh-1:accelerator,accelerator,1,0,0,0,0.09860152299999991,0.055580505756306915,1,15.691625122271905,,0,1073741824,"{""accelerator"":0,""cpu"":0,""encoder"":0}","{""accelerator"":8,""cpu"":8,""encoder"":8}",,,,,,,
1.7740306904064336,vehicle,veh-1,veh-1:cpu,cpu,1,0,0,0,0.007499999999999951,0.0042276607955873,1,15.691625122271905,,0,1073741824,"{""accelerator"":0,""cpu"":0,""encoder"":0}","{""accelerator"":8,""cpu"":8,""encoder"":8}",,,,,,,
1.7740306904064336,vehicle,veh-1,veh-1:encoder,encoder,1,0,0,0,0.007427799999999984,0.004186962514328465,1,15.691625122271905,,0,1073741824,"{""accelerator"":0,""cpu"":0,""encoder"":0}","{""accelerator"":8,""cpu"":8,""encoder"":8}",,,,,,,
1.7740306904064336,vehicle,veh-2,veh-2:accelerator,accelerator,1,0,0,0,0.0869868869999999,0.04903347358667794,1,12.528705630468515,,268435456,805306368,"{""accelerator"":1,""cpu"":0,""encoder"":0}","{""accelerator"":6,""cpu"":6,""encoder"":6}",,,,,,,
1.7740306904064336,vehicle,veh-2,veh-2:cpu,cpu,1,0,0,0,0.007500000000000062,0.004227660795587364,1,12.528705630468515,,268435456,805306368,"{""accelerator"":1,""cpu"":0,""encoder"":0}","{""accelerator"":6,""cpu"":6,""encoder"":6}",,,,,,,
1.7740306904064336,vehicle,veh-2,veh-2:encoder,encoder,1,0,0,0,0.0074278000000000954,0.004186962514328528,1,12.528705630468515,,268435456,805306368,"{""accelerator"":1,""cpu"":0,""encoder"":0}","{""accelerator"":6,""cpu"":6,""encoder"":6}",,,,,,,
1.7740306904064336,rsu,rsu-1,rsu-1:ingress,rsu_ingress_cpu,1,0,0,0,0.0029999999999998916,0.0016910643182348702,1,128.75648569295024,0.0,,,,,0,16,0,8589934592,0.0,30.0,False
1.7740306904064336,rsu,rsu-1,rsu-1:gpu,rsu_gpu,2,0,0,0,0.020062239000000037,0.005654422752800219,1,128.75648569295024,0.0,,,,,0,16,0,8589934592,0.0,30.0,False
1.7740306904064336,rsu,rsu-2,rsu-2:ingress,rsu_ingress_cpu,1,0,0,0,0.0,0.0,0,102.89378004357313,0.0,,,,,0,10,0,6442450944,0.0,18.0,False
1.7740306904064336,rsu,rsu-2,rsu-2:gpu,rsu_gpu,1,0,0,0,0.0,0.0,0,102.89378004357313,0.0,,,,,0,10,0,6442450944,0.0,18.0,False
1.7740306904064338,vehicle,veh-1,veh-1:accelerator,accelerator,1,0,0,0,0.09860152299999991,0.05558050575630691,1,15.691625122271907,,0,1073741824,"{""accelerator"":0,""cpu"":0,""encoder"":0}","{""accelerator"":8,""cpu"":8,""encoder"":8}",,,,,,,
1.7740306904064338,vehicle,veh-1,veh-1:cpu,cpu,1,0,0,0,0.007499999999999951,0.0042276607955873,1,15.691625122271907,,0,1073741824,"{""accelerator"":0,""cpu"":0,""encoder"":0}","{""accelerator"":8,""cpu"":8,""encoder"":8}",,,,,,,
1.7740306904064338,vehicle,veh-1,veh-1:encoder,encoder,1,0,0,0,0.007427799999999984,0.004186962514328465,1,15.691625122271907,,0,1073741824,"{""accelerator"":0,""cpu"":0,""encoder"":0}","{""accelerator"":8,""cpu"":8,""encoder"":8}",,,,,,,
1.7740306904064338,vehicle,veh-2,veh-2:accelerator,accelerator,1,0,0,0,0.0869868869999999,0.04903347358667794,1,12.528705630468517,,0,805306368,"{""accelerator"":0,""cpu"":0,""encoder"":0}","{""accelerator"":6,""cpu"":6,""encoder"":6}",,,,,,,
1.7740306904064338,vehicle,veh-2,veh-2:cpu,cpu,1,0,0,0,0.007500000000000062,0.004227660795587363,1,12.528705630468517,,0,805306368,"{""accelerator"":0,""cpu"":0,""encoder"":0}","{""accelerator"":6,""cpu"":6,""encoder"":6}",,,,,,,
1.7740306904064338,vehicle,veh-2,veh-2:encoder,encoder,1,0,0,0,0.0074278000000000954,0.0041869625143285275,1,12.528705630468517,,0,805306368,"{""accelerator"":0,""cpu"":0,""encoder"":0}","{""accelerator"":6,""cpu"":6,""encoder"":6}",,,,,,,
1.7740306904064338,rsu,rsu-1,rsu-1:ingress,rsu_ingress_cpu,1,0,0,0,0.0029999999999998916,0.00169106431823487,1,128.75648569295026,0.0,,,,,0,16,0,8589934592,0.0,30.0,False
1.7740306904064338,rsu,rsu-1,rsu-1:gpu,rsu_gpu,2,0,0,0,0.020062239000000037,0.005654422752800218,1,128.75648569295026,0.0,,,,,0,16,0,8589934592,0.0,30.0,False
1.7740306904064338,rsu,rsu-2,rsu-2:ingress,rsu_ingress_cpu,1,0,0,0,0.0,0.0,0,102.89378004357314,0.0,,,,,0,10,0,6442450944,0.0,18.0,False
1.7740306904064338,rsu,rsu-2,rsu-2:gpu,rsu_gpu,1,0,0,0,0.0,0.0,0,102.89378004357314,0.0,,,,,0,10,0,6442450944,0.0,18.0,False
2.0,vehicle,veh-1,veh-1:accelerator,accelerator,1,0,0,0,0.09860152299999991,0.04930076149999996,1,17.499379599020436,,0,1073741824,"{""accelerator"":0,""cpu"":0,""encoder"":0}","{""accelerator"":8,""cpu"":8,""encoder"":8}",,,,,,,
2.0,vehicle,veh-1,veh-1:cpu,cpu,1,0,0,0,0.007499999999999951,0.0037499999999999756,1,17.499379599020436,,0,1073741824,"{""accelerator"":0,""cpu"":0,""encoder"":0}","{""accelerator"":8,""cpu"":8,""encoder"":8}",,,,,,,
2.0,vehicle,veh-1,veh-1:encoder,encoder,1,0,0,0,0.007427799999999984,0.003713899999999992,1,17.499379599020436,,0,1073741824,"{""accelerator"":0,""cpu"":0,""encoder"":0}","{""accelerator"":8,""cpu"":8,""encoder"":8}",,,,,,,
2.0,vehicle,veh-2,veh-2:accelerator,accelerator,1,0,0,0,0.0869868869999999,0.04349344349999995,1,13.997506142826698,,0,805306368,"{""accelerator"":0,""cpu"":0,""encoder"":0}","{""accelerator"":6,""cpu"":6,""encoder"":6}",,,,,,,
2.0,vehicle,veh-2,veh-2:cpu,cpu,1,0,0,0,0.007500000000000062,0.003750000000000031,1,13.997506142826698,,0,805306368,"{""accelerator"":0,""cpu"":0,""encoder"":0}","{""accelerator"":6,""cpu"":6,""encoder"":6}",,,,,,,
2.0,vehicle,veh-2,veh-2:encoder,encoder,1,0,0,0,0.0074278000000000954,0.0037139000000000477,1,13.997506142826698,,0,805306368,"{""accelerator"":0,""cpu"":0,""encoder"":0}","{""accelerator"":6,""cpu"":6,""encoder"":6}",,,,,,,
2.0,rsu,rsu-1,rsu-1:ingress,rsu_ingress_cpu,1,0,0,0,0.0029999999999998916,0.0014999999999999458,1,145.02627598368701,0.0,,,,,0,16,0,8589934592,0.0,30.0,False
2.0,rsu,rsu-1,rsu-1:gpu,rsu_gpu,2,0,0,0,0.020062239000000037,0.005015559750000009,1,145.02627598368701,0.0,,,,,0,16,0,8589934592,0.0,30.0,False
2.0,rsu,rsu-2,rsu-2:ingress,rsu_ingress_cpu,1,0,0,0,0.0,0.0,0,115.99999999999999,0.0,,,,,0,10,0,6442450944,0.0,18.0,False
2.0,rsu,rsu-2,rsu-2:gpu,rsu_gpu,1,0,0,0,0.0,0.0,0,115.99999999999999,0.0,,,,,0,10,0,6442450944,0.0,18.0,False
2.04,vehicle,veh-1,veh-1:accelerator,accelerator,1,0,0,0,0.09860152299999991,0.048334079901960744,1,17.819379599020436,,0,1073741824,"{""accelerator"":0,""cpu"":0,""encoder"":0}","{""accelerator"":8,""cpu"":8,""encoder"":8}",,,,,,,
2.04,vehicle,veh-1,veh-1:cpu,cpu,1,0,0,0,0.007499999999999951,0.00367647058823527,1,17.819379599020436,,0,1073741824,"{""accelerator"":0,""cpu"":0,""encoder"":0}","{""accelerator"":8,""cpu"":8,""encoder"":8}",,,,,,,
2.04,vehicle,veh-1,veh-1:encoder,encoder,1,0,0,0,0.007427799999999984,0.0036410784313725413,1,17.819379599020436,,0,1073741824,"{""accelerator"":0,""cpu"":0,""encoder"":0}","{""accelerator"":8,""cpu"":8,""encoder"":8}",,,,,,,
2.04,vehicle,veh-2,veh-2:accelerator,accelerator,1,0,0,0,0.0869868869999999,0.04264063088235289,1,14.257506142826697,,0,805306368,"{""accelerator"":0,""cpu"":0,""encoder"":0}","{""accelerator"":6,""cpu"":6,""encoder"":6}",,,,,,,
2.04,vehicle,veh-2,veh-2:cpu,cpu,1,0,0,0,0.007500000000000062,0.0036764705882353244,1,14.257506142826697,,0,805306368,"{""accelerator"":0,""cpu"":0,""encoder"":0}","{""accelerator"":6,""cpu"":6,""encoder"":6}",,,,,,,
2.04,vehicle,veh-2,veh-2:encoder,encoder,1,0,0,0,0.0074278000000000954,0.003641078431372596,1,14.257506142826697,,0,805306368,"{""accelerator"":0,""cpu"":0,""encoder"":0}","{""accelerator"":6,""cpu"":6,""encoder"":6}",,,,,,,
2.04,rsu,rsu-1,rsu-1:ingress,rsu_ingress_cpu,1,0,0,0,0.0029999999999998916,0.0014705882352940645,1,147.906275983687,0.0,,,,,0,16,0,8589934592,0.0,30.0,False
2.04,rsu,rsu-1,rsu-1:gpu,rsu_gpu,2,0,0,0,0.020062239000000037,0.00491721544117648,1,147.906275983687,0.0,,,,,0,16,0,8589934592,0.0,30.0,False
2.04,rsu,rsu-2,rsu-2:ingress,rsu_ingress_cpu,1,0,0,0,0.0,0.0,0,118.32,0.0,,,,,0,10,0,6442450944,0.0,18.0,False
2.04,rsu,rsu-2,rsu-2:gpu,rsu_gpu,1,0,0,0,0.0,0.0,0,118.32,0.0,,,,,0,10,0,6442450944,0.0,18.0,False
2.25,vehicle,veh-1,veh-1:accelerator,accelerator,1,0,0,0,0.09860152299999991,0.04382289911111107,1,19.499379599020436,,0,1073741824,"{""accelerator"":0,""cpu"":0,""encoder"":0}","{""accelerator"":8,""cpu"":8,""encoder"":8}",,,,,,,
2.25,vehicle,veh-1,veh-1:cpu,cpu,1,0,0,0,0.007499999999999951,0.0033333333333333114,1,19.499379599020436,,0,1073741824,"{""accelerator"":0,""cpu"":0,""encoder"":0}","{""accelerator"":8,""cpu"":8,""encoder"":8}",,,,,,,
2.25,vehicle,veh-1,veh-1:encoder,encoder,1,0,0,0,0.007427799999999984,0.0033012444444444375,1,19.499379599020436,,0,1073741824,"{""accelerator"":0,""cpu"":0,""encoder"":0}","{""accelerator"":8,""cpu"":8,""encoder"":8}",,,,,,,
2.25,vehicle,veh-2,veh-2:accelerator,accelerator,1,0,0,0,0.0869868869999999,0.03866083866666662,1,15.622506142826698,,0,805306368,"{""accelerator"":0,""cpu"":0,""encoder"":0}","{""accelerator"":6,""cpu"":6,""encoder"":6}",,,,,,,
2.25,vehicle,veh-2,veh-2:cpu,cpu,1,0,0,0,0.007500000000000062,0.003333333333333361,1,15.622506142826698,,0,805306368,"{""accelerator"":0,""cpu"":0,""encoder"":0}","{""accelerator"":6,""cpu"":6,""encoder"":6}",,,,,,,
2.25,vehicle,veh-2,veh-2:encoder,encoder,1,0,0,0,0.0074278000000000954,0.003301244444444487,1,15.622506142826698,,0,805306368,"{""accelerator"":0,""cpu"":0,""encoder"":0}","{""accelerator"":6,""cpu"":6,""encoder"":6}",,,,,,,
2.25,rsu,rsu-1,rsu-1:ingress,rsu_ingress_cpu,1,0,0,0,0.0029999999999998916,0.0013333333333332852,1,163.02627598368701,0.0,,,,,0,16,0,8589934592,0.0,30.0,False
2.25,rsu,rsu-1,rsu-1:gpu,rsu_gpu,2,0,0,0,0.020062239000000037,0.004458275333333341,1,163.02627598368701,0.0,,,,,0,16,0,8589934592,0.0,30.0,False
2.25,rsu,rsu-2,rsu-2:ingress,rsu_ingress_cpu,1,0,0,0,0.0,0.0,0,130.5,0.0,,,,,0,10,0,6442450944,0.0,18.0,False
2.25,rsu,rsu-2,rsu-2:gpu,rsu_gpu,1,0,0,0,0.0,0.0,0,130.5,0.0,,,,,0,10,0,6442450944,0.0,18.0,False
2.29,vehicle,veh-1,veh-1:accelerator,accelerator,1,0,0,0,0.09860152299999991,0.04305743362445411,1,19.819379599020436,,0,1073741824,"{""accelerator"":0,""cpu"":0,""encoder"":0}","{""accelerator"":8,""cpu"":8,""encoder"":8}",,,,,,,
2.29,vehicle,veh-1,veh-1:cpu,cpu,1,0,0,0,0.007499999999999951,0.0032751091703056554,1,19.819379599020436,,0,1073741824,"{""accelerator"":0,""cpu"":0,""encoder"":0}","{""accelerator"":8,""cpu"":8,""encoder"":8}",,,,,,,
2.29,vehicle,veh-1,veh-1:encoder,encoder,1,0,0,0,0.007427799999999984,0.003243580786026194,1,19.819379599020436,,0,1073741824,"{""accelerator"":0,""cpu"":0,""encoder"":0}","{""accelerator"":8,""cpu"":8,""encoder"":8}",,,,,,,
2.29,vehicle,veh-2,veh-2:accelerator,accelerator,1,0,0,0,0.0869868869999999,0.03798554017467245,1,15.882506142826697,,0,805306368,"{""accelerator"":0,""cpu"":0,""encoder"":0}","{""accelerator"":6,""cpu"":6,""encoder"":6}",,,,,,,
2.29,vehicle,veh-2,veh-2:cpu,cpu,1,0,0,0,0.007500000000000062,0.003275109170305704,1,15.882506142826697,,0,805306368,"{""accelerator"":0,""cpu"":0,""encoder"":0}","{""accelerator"":6,""cpu"":6,""encoder"":6}",,,,,,,
2.29,vehicle,veh-2,veh-2:encoder,encoder,1,0,0,0,0.0074278000000000954,0.0032435807860262426,1,15.882506142826697,,0,805306368,"{""accelerator"":0,""cpu"":0,""encoder"":0}","{""accelerator"":6,""cpu"":6,""encoder"":6}",,,,,,,
2.29,rsu,rsu-1,rsu-1:ingress,rsu_ingress_cpu,1,0,0,0,0.0029999999999998916,0.0013100436681222234,1,165.906275983687,0.0,,,,,0,16,0,8589934592,0.0,30.0,False
2.29,rsu,rsu-1,rsu-1:gpu,rsu_gpu,2,0,0,0,0.020062239000000037,0.004380401528384288,1,165.906275983687,0.0,,,,,0,16,0,8589934592,0.0,30.0,False
2.29,rsu,rsu-2,rsu-2:ingress,rsu_ingress_cpu,1,0,0,0,0.0,0.0,0,132.82,0.0,,,,,0,10,0,6442450944,0.0,18.0,False
2.29,rsu,rsu-2,rsu-2:gpu,rsu_gpu,1,0,0,0,0.0,0.0,0,132.82,0.0,,,,,0,10,0,6442450944,0.0,18.0,False
2.365498197,vehicle,veh-1,veh-1:accelerator,accelerator,1,0,1,0.023108349,0.09860152299999991,0.041683195161615214,1,20.423365175020436,,67108864,1073741824,"{""accelerator"":1,""cpu"":0,""encoder"":0}","{""accelerator"":8,""cpu"":8,""encoder"":8}",,,,,,,
2.365498197,vehicle,veh-1,veh-1:cpu,cpu,1,0,0,0,0.007499999999999951,0.0031705794616591503,1,20.423365175020436,,67108864,1073741824,"{""accelerator"":1,""cpu"":0,""encoder"":0}","{""accelerator"":8,""cpu"":8,""encoder"":8}",,,,,,,
2.365498197,vehicle,veh-1,veh-1:encoder,encoder,1,0,0,0,0.007427799999999984,0.0031400573500415924,1,20.423365175020436,,67108864,1073741824,"{""accelerator"":1,""cpu"":0,""encoder"":0}","{""accelerator"":8,""cpu"":8,""encoder"":8}",,,,,,,
2.365498197,vehicle,veh-2,veh-2:accelerator,accelerator,1,0,0,0,0.0869868869999999,0.03677317831411558,1,16.373244423326696,,0,805306368,"{""accelerator"":0,""cpu"":0,""encoder"":0}","{""accelerator"":6,""cpu"":6,""encoder"":6}",,,,,,,
2.365498197,vehicle,veh-2,veh-2:cpu,cpu,1,0,0,0,0.007500000000000062,0.0031705794616591976,1,16.373244423326696,,0,805306368,"{""accelerator"":0,""cpu"":0,""encoder"":0}","{""accelerator"":6,""cpu"":6,""encoder"":6}",,,,,,,
2.365498197,vehicle,veh-2,veh-2:encoder,encoder,1,0,0,0,0.0074278000000000954,0.0031400573500416393,1,16.373244423326696,,0,805306368,"{""accelerator"":0,""cpu"":0,""encoder"":0}","{""accelerator"":6,""cpu"":6,""encoder"":6}",,,,,,,
2.365498197,rsu,rsu-1,rsu-1:ingress,rsu_ingress_cpu,1,0,0,0,0.0029999999999998916,0.0012682317846636226,1,171.34214616768702,0.0,,,,,0,16,0,8589934592,0.0,30.0,False
2.365498197,rsu,rsu-1,rsu-1:gpu,rsu_gpu,2,0,0,0,0.020062239000000037,0.0042405948618865165,1,171.34214616768702,0.0,,,,,0,16,0,8589934592,0.0,30.0,False
2.365498197,rsu,rsu-2,rsu-2:ingress,rsu_ingress_cpu,1,0,0,0,0.0,0.0,0,137.19889542599998,0.0,,,,,0,10,0,6442450944,0.0,18.0,False
2.365498197,rsu,rsu-2,rsu-2:gpu,rsu_gpu,1,0,0,0,0.0,0.0,0,137.19889542599998,0.0,,,,,0,10,0,6442450944,0.0,18.0,False
2.388606546,vehicle,veh-1,veh-1:accelerator,accelerator,1,0,0,0,0.12170987200000005,0.05095434080753794,1,20.87451172637044,,268435456,1073741824,"{""accelerator"":1,""cpu"":1,""encoder"":1}","{""accelerator"":8,""cpu"":8,""encoder"":8}",,,,,,,
2.388606546,vehicle,veh-1,veh-1:cpu,cpu,1,0,0,0,0.007499999999999951,0.003139905989355834,1,20.87451172637044,,268435456,1073741824,"{""accelerator"":1,""cpu"":1,""encoder"":1}","{""accelerator"":8,""cpu"":8,""encoder"":8}",,,,,,,
2.388606546,vehicle,veh-1,veh-1:encoder,encoder,1,0,0,0,0.007427799999999984,0.0031096791610316487,1,20.87451172637044,,268435456,1073741824,"{""accelerator"":1,""cpu"":1,""encoder"":1}","{""accelerator"":8,""cpu"":8,""encoder"":8}",,,,,,,
2.388606546,vehicle,veh-2,veh-2:accelerator,accelerator,1,0,0,0,0.0869868869999999,0.036417419664896075,1,16.523448691826697,,0,805306368,"{""accelerator"":0,""cpu"":0,""encoder"":0}","{""accelerator"":6,""cpu"":6,""encoder"":6}",,,,,,,
2.388606546,vehicle,veh-2,veh-2:cpu,cpu,1,0,0,0,0.007500000000000062,0.0031399059893558803,1,16.523448691826697,,0,805306368,"{""accelerator"":0,""cpu"":0,""encoder"":0}","{""accelerator"":6,""cpu"":6,""encoder"":6}",,,,,,,
2.388606546,vehicle,veh-2,veh-2:encoder,encoder,1,0,0,0,0.0074278000000000954,0.003109679161031695,1,16.523448691826697,,0,805306368,"{""accelerator"":0,""cpu"":0,""encoder"":0}","{""accelerator"":6,""cpu"":6,""encoder"":6}",,,,,,,
2.388606546,rsu,rsu-1,rsu-1:ingress,rsu_ingress_cpu,1,0,0,0,0.0029999999999998916,0.0012559623957422964,1,173.00594729568704,0.0,,,,,0,16,0,8589934592,0.0,30.0,False
2.388606546,rsu,rsu-1,rsu-1:gpu,rsu_gpu,2,0,0,0,0.020062239000000037,0.004199569626399248,1,173.00594729568704,0.0,,,,,0,16,0,8589934592,0.0,30.0,False
2.388606546,rsu,rsu-2,rsu-2:ingress,rsu_ingress_cpu,1,0,0,0,0.0,0.0,0,138.53917966799997,0.0,,,,,0,10,0,6442450944,0.0,18.0,False
2.388606546,rsu,rsu-2,rsu-2:gpu,rsu_gpu,1,0,0,0,0.0,0.0,0,138.53917966799997,0.0,,,,,0,10,0,6442450944,0.0,18.0,False
2.389406546,vehicle,veh-1,veh-1:accelerator,accelerator,1,0,1,0.024817605,0.12170987200000005,0.050937280725102715,1,20.881031726370438,,268435456,1073741824,"{""accelerator"":1,""cpu"":1,""encoder"":1}","{""accelerator"":8,""cpu"":8,""encoder"":8}",,,,,,,
2.389406546,vehicle,veh-1,veh-1:cpu,cpu,1,0,0,0,0.007499999999999951,0.003138854713759519,1,20.881031726370438,,268435456,1073741824,"{""accelerator"":1,""cpu"":1,""encoder"":1}","{""accelerator"":8,""cpu"":8,""encoder"":8}",,,,,,,
2.389406546,vehicle,veh-1,veh-1:encoder,encoder,1,0,0,0,0.007427799999999984,0.0031086380057150746,1,20.881031726370438,,268435456,1073741824,"{""accelerator"":1,""cpu"":1,""encoder"":1}","{""accelerator"":8,""cpu"":8,""encoder"":8}",,,,,,,
2.389406546,vehicle,veh-2,veh-2:accelerator,accelerator,1,0,0,0,0.0869868869999999,0.03640522670602908,1,16.528648691826696,,0,805306368,"{""accelerator"":0,""cpu"":0,""encoder"":0}","{""accelerator"":6,""cpu"":6,""encoder"":6}",,,,,,,
2.389406546,vehicle,veh-2,veh-2:cpu,cpu,1,0,0,0,0.007500000000000062,0.0031388547137595657,1,16.528648691826696,,0,805306368,"{""accelerator"":0,""cpu"":0,""encoder"":0}","{""accelerator"":6,""cpu"":6,""encoder"":6}",,,,,,,
2.389406546,vehicle,veh-2,veh-2:encoder,encoder,1,0,0,0,0.0074278000000000954,0.003108638005715121,1,16.528648691826696,,0,805306368,"{""accelerator"":0,""cpu"":0,""encoder"":0}","{""accelerator"":6,""cpu"":6,""encoder"":6}",,,,,,,
2.389406546,rsu,rsu-1,rsu-1:ingress,rsu_ingress_cpu,1,0,0,0,0.0029999999999998916,0.0012555418855037703,1,173.06354729568704,0.0,,,,,0,16,0,8589934592,0.0,30.0,False
2.389406546,rsu,rsu-1,rsu-1:gpu,rsu_gpu,2,0,0,0,0.020062239000000037,0.004198163563581372,1,173.06354729568704,0.0,,,,,0,16,0,8589934592,0.0,30.0,False
2.389406546,rsu,rsu-2,rsu-2:ingress,rsu_ingress_cpu,1,0,0,0,0.0,0.0,0,138.58557966799998,0.0,,,,,0,10,0,6442450944,0.0,18.0,False
2.389406546,rsu,rsu-2,rsu-2:gpu,rsu_gpu,1,0,0,0,0.0,0.0,0,138.58557966799998,0.0,,,,,0,10,0,6442450944,0.0,18.0,False
2.4,vehicle,veh-1,veh-1:accelerator,accelerator,1,0,1,0.014224151000000108,0.13230332599999994,0.05512638583333331,1,21.09610826945404,,268435456,1073741824,"{""accelerator"":1,""cpu"":1,""encoder"":1}","{""accelerator"":8,""cpu"":8,""encoder"":8}",,,,,,,
2.4,vehicle,veh-1,veh-1:cpu,cpu,1,0,0,0,0.007499999999999951,0.00312499999999998,1,21.09610826945404,,268435456,1073741824,"{""accelerator"":1,""cpu"":1,""encoder"":1}","{""accelerator"":8,""cpu"":8,""encoder"":8}",,,,,,,
2.4,vehicle,veh-1,veh-1:encoder,encoder,1,0,0,0,0.007427799999999984,0.0030949166666666603,1,21.09610826945404,,268435456,1073741824,"{""accelerator"":1,""cpu"":1,""encoder"":1}","{""accelerator"":8,""cpu"":8,""encoder"":8}",,,,,,,
2.4,vehicle,veh-2,veh-2:accelerator,accelerator,1,0,0,0,0.0869868869999999,0.03624453624999996,1,16.597506142826695,,0,805306368,"{""accelerator"":0,""cpu"":0,""encoder"":0}","{""accelerator"":6,""cpu"":6,""encoder"":6}",,,,,,,
2.4,vehicle,veh-2,veh-2:cpu,cpu,1,0,0,0,0.007500000000000062,0.003125000000000026,1,16.597506142826695,,0,805306368,"{""accelerator"":0,""cpu"":0,""encoder"":0}","{""accelerator"":6,""cpu"":6,""encoder"":6}",,,,,,,
2.4,vehicle,veh-2,veh-2:encoder,encoder,1,0,0,0,0.0074278000000000954,0.0030949166666667067,1,16.597506142826695,,0,805306368,"{""accelerator"":0,""cpu"":0,""encoder"":0}","{""accelerator"":6,""cpu"":6,""encoder"":6}",,,,,,,
2.4,rsu,rsu-1,rsu-1:ingress,rsu_ingress_cpu,1,0,0,0,0.0029999999999998916,0.001249999999999955,1,173.82627598368703,0.0,,,,,0,16,0,8589934592,0.0,30.0,False
2.4,rsu,rsu-1,rsu-1:gpu,rsu_gpu,2,0,0,0,0.020062239000000037,0.004179633125000008,1,173.82627598368703,0.0,,,,,0,16,0,8589934592,0.0,30.0,False
2.4,rsu,rsu-2,rsu-2:ingress,rsu_ingress_cpu,1,0,0,0,0.0,0.0,0,139.19999999999996,0.0,,,,,0,10,0,6442450944,0.0,18.0,False
2.4,rsu,rsu-2,rsu-2:gpu,rsu_gpu,1,0,0,0,0.0,0.0,0,139.19999999999996,0.0,,,,,0,10,0,6442450944,0.0,18.0,False
2.414224151,vehicle,veh-1,veh-1:accelerator,accelerator,1,0,0,0,0.14652747700000002,0.06069340203531085,1,21.384898047120437,,268435456,1073741824,"{""accelerator"":1,""cpu"":1,""encoder"":1}","{""accelerator"":8,""cpu"":8,""encoder"":8}",,,,,,,
2.414224151,vehicle,veh-1,veh-1:cpu,cpu,1,0,1,0.0075,0.007499999999999951,0.0031065880924492297,1,21.384898047120437,,268435456,1073741824,"{""accelerator"":1,""cpu"":1,""encoder"":1}","{""accelerator"":8,""cpu"":8,""encoder"":8}",,,,,,,
2.414224151,vehicle,veh-1,veh-1:encoder,encoder,1,0,0,0,0.007427799999999984,0.0030766820044125986,1,21.384898047120437,,268435456,1073741824,"{""accelerator"":1,""cpu"":1,""encoder"":1}","{""accelerator"":8,""cpu"":8,""encoder"":8}",,,,,,,
2.414224151,vehicle,veh-2,veh-2:accelerator,accelerator,1,0,0,0,0.0869868869999999,0.03603099031379042,1,16.689963124326695,,0,805306368,"{""accelerator"":0,""cpu"":0,""encoder"":0}","{""accelerator"":6,""cpu"":6,""encoder"":6}",,,,,,,
2.414224151,vehicle,veh-2,veh-2:cpu,cpu,1,0,0,0,0.007500000000000062,0.0031065880924492756,1,16.689963124326695,,0,805306368,"{""accelerator"":0,""cpu"":0,""encoder"":0}","{""accelerator"":6,""cpu"":6,""encoder"":6}",,,,,,,
2.414224151,vehicle,veh-2,veh-2:encoder,encoder,1,0,0,0,0.0074278000000000954,0.0030766820044126446,1,16.689963124326695,,0,805306368,"{""accelerator"":0,""cpu"":0,""encoder"":0}","{""accelerator"":6,""cpu"":6,""encoder"":6}",,,,,,,
2.414224151,rsu,rsu-1,rsu-1:ingress,rsu_ingress_cpu,1,0,0,0,0.0029999999999998916,0.001242635236979655,1,174.85041485568703,0.0,,,,,0,16,0,8589934592,0.0,30.0,False
2.414224151,rsu,rsu-1,rsu-1:gpu,rsu_gpu,2,0,0,0,0.020062239000000037,0.004155007519018071,1,174.85041485568703,0.0,,,,,0,16,0,8589934592,0.0,30.0,False
2.414224151,rsu,rsu-2,rsu-2:ingress,rsu_ingress_cpu,1,0,0,0,0.0,0.0,0,140.02500075799998,0.0,,,,,0,10,0,6442450944,0.0,18.0,False
2.414224151,rsu,rsu-2,rsu-2:gpu,rsu_gpu,1,0,0,0,0.0,0.0,0,140.02500075799998,0.0,,,,,0,10,0,6442450944,0.0,18.0,False
2.421724151,vehicle,veh-1,veh-1:accelerator,accelerator,1,0,1,0.034468896,0.14652747700000002,0.060505436566544786,1,21.491023047120432,,268435456,1073741824,"{""accelerator"":1,""cpu"":1,""encoder"":1}","{""accelerator"":8,""cpu"":8,""encoder"":8}",,,,,,,
2.421724151,vehicle,veh-1,veh-1:cpu,cpu,1,0,0,0,0.014999999999999791,0.006193934182720959,1,21.491023047120432,,268435456,1073741824,"{""accelerator"":1,""cpu"":1,""encoder"":1}","{""accelerator"":8,""cpu"":8,""encoder"":8}",,,,,,,
2.421724151,vehicle,veh-1,veh-1:encoder,encoder,1,0,0,0,0.007427799999999984,0.003067153621494352,1,21.491023047120432,,268435456,1073741824,"{""accelerator"":1,""cpu"":1,""encoder"":1}","{""accelerator"":8,""cpu"":8,""encoder"":8}",,,,,,,
2.421724151,vehicle,veh-2,veh-2:accelerator,accelerator,1,0,0,0,0.0869868869999999,0.03591940352251948,1,16.738713124326694,,0,805306368,"{""accelerator"":0,""cpu"":0,""encoder"":0}","{""accelerator"":6,""cpu"":6,""encoder"":6}",,,,,,,
2.421724151,vehicle,veh-2,veh-2:cpu,cpu,1,0,0,0,0.007500000000000062,0.003096967091360548,1,16.738713124326694,,0,805306368,"{""accelerator"":0,""cpu"":0,""encoder"":0}","{""accelerator"":6,""cpu"":6,""encoder"":6}",,,,,,,
2.421724151,vehicle,veh-2,veh-2:encoder,encoder,1,0,0,0,0.0074278000000000954,0.003067153621494398,1,16.738713124326694,,0,805306368,"{""accelerator"":0,""cpu"":0,""encoder"":0}","{""accelerator"":6,""cpu"":6,""encoder"":6}",,,,,,,
2.421724151,rsu,rsu-1,rsu-1:ingress,rsu_ingress_cpu,1,0,0,0,0.0029999999999998916,0.0012387868365441642,1,175.39041485568703,0.0,,,,,0,16,0,8589934592,0.0,30.0,False
2.421724151,rsu,rsu-1,rsu-1:gpu,rsu_gpu,2,0,0,0,0.020062239000000037,0.0041421395974673165,1,175.39041485568703,0.0,,,,,0,16,0,8589934592,0.0,30.0,False
2.421724151,rsu,rsu-2,rsu-2:ingress,rsu_ingress_cpu,1,0,0,0,0.0,0.0,0,140.46000075799998,0.0,,,,,0,10,0,6442450944,0.0,18.0,False
2.421724151,rsu,rsu-2,rsu-2:gpu,rsu_gpu,1,0,0,0,0.0,0.0,0,140.46000075799998,0.0,,,,,0,10,0,6442450944,0.0,18.0,False
2.4561930469999997,vehicle,veh-1,veh-1:accelerator,accelerator,1,0,0,0,0.18099637299999993,0.07368979943212092,1,22.20280574952043,,268435456,1073741824,"{""accelerator"":1,""cpu"":1,""encoder"":1}","{""accelerator"":8,""cpu"":8,""encoder"":8}",,,,,,,
2.4561930469999997,vehicle,veh-1,veh-1:cpu,cpu,1,0,1,0.0075,0.014999999999999791,0.0061070118321199665,1,22.20280574952043,,268435456,1073741824,"{""accelerator"":1,""cpu"":1,""encoder"":1}","{""accelerator"":8,""cpu"":8,""encoder"":8}",,,,,,,
2.4561930469999997,vehicle,veh-1,veh-1:encoder,encoder,1,0,0,0,0.007427799999999984,0.003024110832441415,1,22.20280574952043,,268435456,1073741824,"{""accelerator"":1,""cpu"":1,""encoder"":1}","{""accelerator"":8,""cpu"":8,""encoder"":8}",,,,,,,
2.4561930469999997,vehicle,veh-2,veh-2:accelerator,accelerator,1,0,0,0,0.0869868869999999,0.03541532987655262,1,16.962760948326693,,0,805306368,"{""accelerator"":0,""cpu"":0,""encoder"":0}","{""accelerator"":6,""cpu"":6,""encoder"":6}",,,,,,,
2.4561930469999997,vehicle,veh-2,veh-2:cpu,cpu,1,0,0,0,0.007500000000000062,0.003053505916060051,1,16.962760948326693,,0,805306368,"{""accelerator"":0,""cpu"":0,""encoder"":0}","{""accelerator"":6,""cpu"":6,""encoder"":6}",,,,,,,
2.4561930469999997,vehicle,veh-2,veh-2:encoder,encoder,1,0,0,0,0.0074278000000000954,0.00302411083244146,1,16.962760948326693,,0,805306368,"{""accelerator"":0,""cpu"":0,""encoder"":0}","{""accelerator"":6,""cpu"":6,""encoder"":6}",,,,,,,
2.4561930469999997,rsu,rsu-1,rsu-1:ingress,rsu_ingress_cpu,1,0,0,0,0.0029999999999998916,0.0012214023664239662,1,177.87217536768702,0.0,,,,,0,16,0,8589934592,0.0,30.0,False
2.4561930469999997,rsu,rsu-1,rsu-1:gpu,rsu_gpu,2,0,0,0,0.020062239000000037,0.004084011031727353,1,177.87217536768702,0.0,,,,,0,16,0,8589934592,0.0,30.0,False
2.4561930469999997,rsu,rsu-2,rsu-2:ingress,rsu_ingress_cpu,1,0,0,0,0.0,0.0,0,142.45919672599996,0.0,,,,,0,10,0,6442450944,0.0,18.0,False
2.4561930469999997,rsu,rsu-2,rsu-2:gpu,rsu_gpu,1,0,0,0,0.0,0.0,0,142.45919672599996,0.0,,,,,0,10,0,6442450944,0.0,18.0,False
2.4636930469999996,vehicle,veh-1,veh-1:accelerator,accelerator,1,0,0,0,0.18099637299999993,0.07346547217819865,1,22.308930749520425,,268435456,1073741824,"{""accelerator"":1,""cpu"":1,""encoder"":1}","{""accelerator"":8,""cpu"":8,""encoder"":8}",,,,,,,
2.4636930469999996,vehicle,veh-1,veh-1:cpu,cpu,1,0,0,0,0.02249999999999963,0.009132631204766978,1,22.308930749520425,,268435456,1073741824,"{""accelerator"":1,""cpu"":1,""encoder"":1}","{""accelerator"":8,""cpu"":8,""encoder"":8}",,,,,,,
2.4636930469999996,vehicle,veh-1,veh-1:encoder,encoder,1,0,1,0.00745912,0.007427799999999984,0.003014904802789739,1,22.308930749520425,,268435456,1073741824,"{""accelerator"":1,""cpu"":1,""encoder"":1}","{""accelerator"":8,""cpu"":8,""encoder"":8}",,,,,,,
2.4636930469999996,vehicle,veh-2,veh-2:accelerator,accelerator,1,0,0,0,0.0869868869999999,0.035307518160966715,1,17.01151094832669,,0,805306368,"{""accelerator"":0,""cpu"":0,""encoder"":0}","{""accelerator"":6,""cpu"":6,""encoder"":6}",,,,,,,
2.4636930469999996,vehicle,veh-2,veh-2:cpu,cpu,1,0,0,0,0.007500000000000062,0.0030442104015890674,1,17.01151094832669,,0,805306368,"{""accelerator"":0,""cpu"":0,""encoder"":0}","{""accelerator"":6,""cpu"":6,""encoder"":6}",,,,,,,
2.4636930469999996,vehicle,veh-2,veh-2:encoder,encoder,1,0,0,0,0.0074278000000000954,0.003014904802789784,1,17.01151094832669,,0,805306368,"{""accelerator"":0,""cpu"":0,""encoder"":0}","{""accelerator"":6,""cpu"":6,""encoder"":6}",,,,,,,
2.4636930469999996,rsu,rsu-1,rsu-1:ingress,rsu_ingress_cpu,1,0,0,0,0.0029999999999998916,0.001217684160635573,1,178.412175367687,0.0,,,,,0,16,0,8589934592,0.0,30.0,False
2.4636930469999996,rsu,rsu-1,rsu-1:gpu,rsu_gpu,2,0,0,0,0.020062239000000037,0.004071578442864364,1,178.412175367687,0.0,,,,,0,16,0,8589934592,0.0,30.0,False
2.4636930469999996,rsu,rsu-2,rsu-2:ingress,rsu_ingress_cpu,1,0,0,0,0.0,0.0,0,142.89419672599996,0.0,,,,,0,10,0,6442450944,0.0,18.0,False
2.4636930469999996,rsu,rsu-2,rsu-2:gpu,rsu_gpu,1,0,0,0,0.0,0.0,0,142.89419672599996,0.0,,,,,0,10,0,6442450944,0.0,18.0,False
2.4711521669999996,vehicle,veh-1,veh-1:accelerator,accelerator,1,0,0,0,0.18099637299999993,0.07324371822061088,1,22.416018177520424,,268435456,1073741824,"{""accelerator"":1,""cpu"":0,""encoder"":0}","{""accelerator"":8,""cpu"":8,""encoder"":8}",,,,,,,
2.4711521669999996,vehicle,veh-1,veh-1:cpu,cpu,1,0,0,0,0.02249999999999963,0.009105064552667685,1,22.416018177520424,,268435456,1073741824,"{""accelerator"":1,""cpu"":0,""encoder"":0}","{""accelerator"":8,""cpu"":8,""encoder"":8}",,,,,,,
2.4711521669999996,vehicle,veh-1,veh-1:encoder,encoder,1,0,0,0,0.014886920000000026,0.0060242830040178694,1,22.416018177520424,,268435456,1073741824,"{""accelerator"":1,""cpu"":0,""encoder"":0}","{""accelerator"":8,""cpu"":8,""encoder"":8}",,,,,,,
2.4711521669999996,vehicle,veh-2,veh-2:accelerator,accelerator,1,0,0,0,0.0869868869999999,0.03520094317202763,1,17.05999522832669,,0,805306368,"{""accelerator"":0,""cpu"":0,""encoder"":0}","{""accelerator"":6,""cpu"":6,""encoder"":6}",,,,,,,
2.4711521669999996,vehicle,veh-2,veh-2:cpu,cpu,1,0,0,0,0.007500000000000062,0.0030350215175559696,1,17.05999522832669,,0,805306368,"{""accelerator"":0,""cpu"":0,""encoder"":0}","{""accelerator"":6,""cpu"":6,""encoder"":6}",,,,,,,
2.4711521669999996,vehicle,veh-2,veh-2:encoder,encoder,1,0,0,0,0.0074278000000000954,0.0030058043770803114,1,17.05999522832669,,0,805306368,"{""accelerator"":0,""cpu"":0,""encoder"":0}","{""accelerator"":6,""cpu"":6,""encoder"":6}",,,,,,,
2.4711521669999996,rsu,rsu-1,rsu-1:ingress,rsu_ingress_cpu,1,0,0,0,0.0029999999999998916,0.001214008607022334,1,178.94923200768702,0.0,,,,,0,16,0,8589934592,0.0,30.0,False
2.4711521669999996,rsu,rsu-1,rsu-1:gpu,rsu_gpu,2,0,0,0,0.020062239000000037,0.004059288470356678,1,178.94923200768702,0.0,,,,,0,16,0,8589934592,0.0,30.0,False
2.4711521669999996,rsu,rsu-2,rsu-2:ingress,rsu_ingress_cpu,1,0,0,0,0.0,0.0,0,143.32682568599995,0.0,,,,,0,10,0,6442450944,0.0,18.0,False
2.4711521669999996,rsu,rsu-2,rsu-2:gpu,rsu_gpu,1,0,0,0,0.0,0.0,0,143.32682568599995,0.0,,,,,0,10,0,6442450944,0.0,18.0,False
2.4719521669999995,vehicle,veh-1,veh-1:accelerator,accelerator,1,0,0,0,0.18099637299999993,0.073220014293262,1,22.422538177520423,,268435456,1073741824,"{""accelerator"":1,""cpu"":0,""encoder"":0}","{""accelerator"":8,""cpu"":8,""encoder"":8}",,,,,,,
2.4719521669999995,vehicle,veh-1,veh-1:cpu,cpu,1,0,0,0,0.02249999999999963,0.00910211787281709,1,22.422538177520423,,268435456,1073741824,"{""accelerator"":1,""cpu"":0,""encoder"":0}","{""accelerator"":8,""cpu"":8,""encoder"":8}",,,,,,,
2.4719521669999995,vehicle,veh-1,veh-1:encoder,encoder,1,0,0,0,0.014886920000000026,0.006022333360142251,1,22.422538177520423,,268435456,1073741824,"{""accelerator"":1,""cpu"":0,""encoder"":0}","{""accelerator"":8,""cpu"":8,""encoder"":8}",,,,,,,
2.4719521669999995,vehicle,veh-2,veh-2:accelerator,accelerator,1,0,0,0,0.0869868869999999,0.035189551060597006,1,17.06519522832669,,0,805306368,"{""accelerator"":0,""cpu"":0,""encoder"":0}","{""accelerator"":6,""cpu"":6,""encoder"":6}",,,,,,,
2.4719521669999995,vehicle,veh-2,veh-2:cpu,cpu,1,0,0,0,0.007500000000000062,0.003034039290939105,1,17.06519522832669,,0,805306368,"{""accelerator"":0,""cpu"":0,""encoder"":0}","{""accelerator"":6,""cpu"":6,""encoder"":6}",,,,,,,
2.4719521669999995,vehicle,veh-2,veh-2:encoder,encoder,1,0,0,0,0.0074278000000000954,0.003004831606031678,1,17.06519522832669,,0,805306368,"{""accelerator"":0,""cpu"":0,""encoder"":0}","{""accelerator"":6,""cpu"":6,""encoder"":6}",,,,,,,
2.4719521669999995,rsu,rsu-1,rsu-1:ingress,rsu_ingress_cpu,1,0,0,0,0.0029999999999998916,0.0012136157163755881,1,179.00683200768702,0.0,,,,,0,16,0,8589934592,0.0,30.0,False
2.4719521669999995,rsu,rsu-1,rsu-1:gpu,rsu_gpu,2,0,0,0,0.020062239000000037,0.004057974759347364,1,179.00683200768702,0.0,,,,,0,16,0,8589934592,0.0,30.0,False
2.4719521669999995,rsu,rsu-2,rsu-2:ingress,rsu_ingress_cpu,1,0,0,0,0.0,0.0,0,143.37322568599996,0.0,,,,,0,10,0,6442450944,0.0,18.0,False
2.4719521669999995,rsu,rsu-2,rsu-2:gpu,rsu_gpu,1,0,0,0,0.0,0.0,0,143.37322568599996,0.0,,,,,0,10,0,6442450944,0.0,18.0,False
2.5,vehicle,veh-1,veh-1:accelerator,accelerator,1,0,0,0,0.18099637299999993,0.07239854919999997,1,22.743685865370427,,268435456,1073741824,"{""accelerator"":1,""cpu"":0,""encoder"":0}","{""accelerator"":8,""cpu"":8,""encoder"":8}",,,,,,,
2.5,vehicle,veh-1,veh-1:cpu,cpu,1,0,0,0,0.02249999999999963,0.008999999999999852,1,22.743685865370427,,268435456,1073741824,"{""accelerator"":1,""cpu"":0,""encoder"":0}","{""accelerator"":8,""cpu"":8,""encoder"":8}",,,,,,,
2.5,vehicle,veh-1,veh-1:encoder,encoder,1,0,0,0,0.014886920000000026,0.0059547680000000104,1,22.743685865370427,,268435456,1073741824,"{""accelerator"":1,""cpu"":0,""encoder"":0}","{""accelerator"":8,""cpu"":8,""encoder"":8}",,,,,,,
2.5,vehicle,veh-2,veh-2:accelerator,accelerator,1,0,0,0,0.0869868869999999,0.03479475479999996,1,17.247506142826694,,0,805306368,"{""accelerator"":0,""cpu"":0,""encoder"":0}","{""accelerator"":6,""cpu"":6,""encoder"":6}",,,,,,,
2.5,vehicle,veh-2,veh-2:cpu,cpu,1,0,0,0,0.007500000000000062,0.0030000000000000248,1,17.247506142826694,,0,805306368,"{""accelerator"":0,""cpu"":0,""encoder"":0}","{""accelerator"":6,""cpu"":6,""encoder"":6}",,,,,,,
2.5,vehicle,veh-2,veh-2:encoder,encoder,1,0,0,0,0.0074278000000000954,0.002971120000000038,1,17.247506142826694,,0,805306368,"{""accelerator"":0,""cpu"":0,""encoder"":0}","{""accelerator"":6,""cpu"":6,""encoder"":6}",,,,,,,
2.5,rsu,rsu-1,rsu-1:ingress,rsu_ingress_cpu,1,0,0,0,0.0029999999999998916,0.0011999999999999567,1,181.06414055823709,0.0,,,,,0,16,0,8589934592,0.0,30.0,False
2.5,rsu,rsu-1,rsu-1:gpu,rsu_gpu,2,0,0,0,0.020062239000000037,0.004012447800000008,1,181.06414055823709,0.0,,,,,0,16,0,8589934592,0.0,30.0,False
2.5,rsu,rsu-2,rsu-2:ingress,rsu_ingress_cpu,1,0,0,0,0.0,0.0,0,144.99999999999997,0.0,,,,,0,10,0,6442450944,0.0,18.0,False
2.5,rsu,rsu-2,rsu-2:gpu,rsu_gpu,1,0,0,0,0.0,0.0,0,144.99999999999997,0.0,,,,,0,10,0,6442450944,0.0,18.0,False
2.523337510778353,vehicle,veh-1,veh-1:accelerator,accelerator,1,0,0,0,0.18099637299999993,0.07172895905794603,1,23.010900363782568,,268435456,1073741824,"{""accelerator"":1,""cpu"":0,""encoder"":0}","{""accelerator"":8,""cpu"":8,""encoder"":8}",,,,,,,
2.523337510778353,vehicle,veh-1,veh-1:cpu,cpu,1,0,0,0,0.02249999999999963,0.008916761988394981,1,23.010900363782568,,268435456,1073741824,"{""accelerator"":1,""cpu"":0,""encoder"":0}","{""accelerator"":8,""cpu"":8,""encoder"":8}",,,,,,,
2.523337510778353,vehicle,veh-1,veh-1:encoder,encoder,1,0,0,0,0.014886920000000026,0.005899694328012419,1,23.010900363782568,,268435456,1073741824,"{""accelerator"":1,""cpu"":0,""encoder"":0}","{""accelerator"":8,""cpu"":8,""encoder"":8}",,,,,,,
2.523337510778353,vehicle,veh-2,veh-2:accelerator,accelerator,1,0,0,0,0.0869868869999999,0.034472949666240954,1,17.39919996288599,,0,805306368,"{""accelerator"":0,""cpu"":0,""encoder"":0}","{""accelerator"":6,""cpu"":6,""encoder"":6}",,,,,,,
2.523337510778353,vehicle,veh-2,veh-2:cpu,cpu,1,0,0,0,0.007500000000000062,0.0029722539961317337,1,17.39919996288599,,0,805306368,"{""accelerator"":0,""cpu"":0,""encoder"":0}","{""accelerator"":6,""cpu"":6,""encoder"":6}",,,,,,,
2.523337510778353,vehicle,veh-2,veh-2:encoder,encoder,1,0,0,0,0.0074278000000000954,0.002943641097662319,1,17.39919996288599,,0,805306368,"{""accelerator"":0,""cpu"":0,""encoder"":0}","{""accelerator"":6,""cpu"":6,""encoder"":6}",,,,,,,
2.523337510778353,rsu,rsu-1,rsu-1:ingress,rsu_ingress_cpu,1,0,1,0.003,0.0029999999999998916,0.0011889015984526408,1,182.7759469738293,0.0,,,,,1,16,805306368,8589934592,0.03,30.0,False
2.523337510778353,rsu,rsu-1,rsu-1:gpu,rsu_gpu,2,0,0,0,0.020062239000000037,0.0039753380026066355,1,182.7759469738293,0.0,,,,,1,16,805306368,8589934592,0.03,30.0,False
2.523337510778353,rsu,rsu-2,rsu-2:ingress,rsu_ingress_cpu,1,0,0,0,0.0,0.0,0,146.35357562514446,0.0,,,,,0,10,0,6442450944,0.0,18.0,False
2.523337510778353,rsu,rsu-2,rsu-2:gpu,rsu_gpu,1,0,0,0,0.0,0.0,0,146.35357562514446,0.0,,,,,0,10,0,6442450944,0.0,18.0,False
2.5263375107783532,vehicle,veh-1,veh-1:accelerator,accelerator,1,0,0,0,0.18099637299999993,0.07164378165142145,1,23.03535036378257,,268435456,1073741824,"{""accelerator"":1,""cpu"":0,""encoder"":0}","{""accelerator"":8,""cpu"":8,""encoder"":8}",,,,,,,
2.5263375107783532,vehicle,veh-1,veh-1:cpu,cpu,1,0,0,0,0.02249999999999963,0.008906173424574408,1,23.03535036378257,,268435456,1073741824,"{""accelerator"":1,""cpu"":0,""encoder"":0}","{""accelerator"":8,""cpu"":8,""encoder"":8}",,,,,,,
2.5263375107783532,vehicle,veh-1,veh-1:encoder,encoder,1,0,0,0,0.014886920000000026,0.005892688501234118,1,23.03535036378257,,268435456,1073741824,"{""accelerator"":1,""cpu"":0,""encoder"":0}","{""accelerator"":8,""cpu"":8,""encoder"":8}",,,,,,,
2.5263375107783532,vehicle,veh-2,veh-2:accelerator,accelerator,1,0,0,0,0.0869868869999999,0.03443201339048306,1,17.41869996288599,,0,805306368,"{""accelerator"":0,""cpu"":0,""encoder"":0}","{""accelerator"":6,""cpu"":6,""encoder"":6}",,,,,,,
2.5263375107783532,vehicle,veh-2,veh-2:cpu,cpu,1,0,0,0,0.007500000000000062,0.002968724474858209,1,17.41869996288599,,0,805306368,"{""accelerator"":0,""cpu"":0,""encoder"":0}","{""accelerator"":6,""cpu"":6,""encoder"":6}",,,,,,,
2.5263375107783532,vehicle,veh-2,veh-2:encoder,encoder,1,0,0,0,0.0074278000000000954,0.0029401455539135877,1,17.41869996288599,,0,805306368,"{""accelerator"":0,""cpu"":0,""encoder"":0}","{""accelerator"":6,""cpu"":6,""encoder"":6}",,,,,,,
2.5263375107783532,rsu,rsu-1,rsu-1:ingress,rsu_ingress_cpu,1,0,0,0,0.006000000000000005,0.00237497957988655,1,183.04544697382929,0.0,,,,,1,16,805306368,8589934592,0.03,30.0,False
2.5263375107783532,rsu,rsu-1,rsu-1:gpu,rsu_gpu,2,0,1,0.018679316,0.020062239000000037,0.003970617329316967,1,183.04544697382929,0.0,,,,,1,16,805306368,8589934592,0.03,30.0,False
2.5263375107783532,rsu,rsu-2,rsu-2:ingress,rsu_ingress_cpu,1,0,0,0,0.0,0.0,0,146.52757562514446,0.0,,,,,0,10,0,6442450944,0.0,18.0,False
2.5263375107783532,rsu,rsu-2,rsu-2:gpu,rsu_gpu,1,0,0,0,0.0,0.0,0,146.52757562514446,0.0,,,,,0,10,0,6442450944,0.0,18.0,False
2.54,vehicle,veh-1,veh-1:accelerator,accelerator,1,0,0,0,0.18099637299999993,0.0712584145669291,1,23.14669965093899,,268435456,1073741824,"{""accelerator"":1,""cpu"":0,""encoder"":0}","{""accelerator"":8,""cpu"":8,""encoder"":8}",,,,,,,
2.54,vehicle,veh-1,veh-1:cpu,cpu,1,0,0,0,0.02249999999999963,0.008858267716535287,1,23.14669965093899,,268435456,1073741824,"{""accelerator"":1,""cpu"":0,""encoder"":0}","{""accelerator"":8,""cpu"":8,""encoder"":8}",,,,,,,
2.54,vehicle,veh-1,veh-1:encoder,encoder,1,0,0,0,0.014886920000000026,0.005860992125984262,1,23.14669965093899,,268435456,1073741824,"{""accelerator"":1,""cpu"":0,""encoder"":0}","{""accelerator"":8,""cpu"":8,""encoder"":8}",,,,,,,
2.54,vehicle,veh-2,veh-2:accelerator,accelerator,1,0,0,0,0.0869868869999999,0.034246805905511775,1,17.507506142826696,,0,805306368,"{""accelerator"":0,""cpu"":0,""encoder"":0}","{""accelerator"":6,""cpu"":6,""encoder"":6}",,,,,,,
2.54,vehicle,veh-2,veh-2:cpu,cpu,1,0,0,0,0.007500000000000062,0.0029527559055118353,1,17.507506142826696,,0,805306368,"{""accelerator"":0,""cpu"":0,""encoder"":0}","{""accelerator"":6,""cpu"":6,""encoder"":6}",,,,,,,
2.54,vehicle,veh-2,veh-2:encoder,encoder,1,0,0,0,0.0074278000000000954,0.0029243307086614548,1,17.507506142826696,,0,805306368,"{""accelerator"":0,""cpu"":0,""encoder"":0}","{""accelerator"":6,""cpu"":6,""encoder"":6}",,,,,,,
2.54,rsu,rsu-1,rsu-1:ingress,rsu_ingress_cpu,1,0,0,0,0.006000000000000005,0.002362204724409451,1,184.58247702369877,0.0,,,,,1,16,805306368,8589934592,0.03,30.0,False
2.54,rsu,rsu-1,rsu-1:gpu,rsu_gpu,2,0,1,0.0050168267783531895,0.03372472822164685,0.0066387260278832376,1,184.58247702369877,0.0,,,,,1,16,805306368,8589934592,0.03,30.0,False
2.54,rsu,rsu-2,rsu-2:ingress,rsu_ingress_cpu,1,0,0,0,0.0,0.0,0,147.32,0.0,,,,,0,10,0,6442450944,0.0,18.0,False
2.54,rsu,rsu-2,rsu-2:gpu,rsu_gpu,1,0,0,0,0.0,0.0,0,147.32,0.0,,,,,0,10,0,6442450944,0.0,18.0,False
2.5450168267783533,vehicle,veh-1,veh-1:accelerator,accelerator,1,0,0,0,0.18099637299999993,0.07111794747114376,1,23.18758678918257,,268435456,1073741824,"{""accelerator"":1,""cpu"":0,""encoder"":0}","{""accelerator"":8,""cpu"":8,""encoder"":8}",,,,,,,
2.5450168267783533,vehicle,veh-1,veh-1:cpu,cpu,1,0,0,0,0.02249999999999963,0.008840805987315056,1,23.18758678918257,,268435456,1073741824,"{""accelerator"":1,""cpu"":0,""encoder"":0}","{""accelerator"":8,""cpu"":8,""encoder"":8}",,,,,,,
2.5450168267783533,vehicle,veh-1,veh-1:encoder,encoder,1,0,0,0,0.014886920000000026,0.00584943873194145,1,23.18758678918257,,268435456,1073741824,"{""accelerator"":1,""cpu"":0,""encoder"":0}","{""accelerator"":8,""cpu"":8,""encoder"":8}",,,,,,,
2.5450168267783533,vehicle,veh-2,veh-2:accelerator,accelerator,1,0,0,0,0.0869868869999999,0.03417929739588933,1,17.54011551688599,,0,805306368,"{""accelerator"":0,""cpu"":0,""encoder"":0}","{""accelerator"":6,""cpu"":6,""encoder"":6}",,,,,,,
2.5450168267783533,vehicle,veh-2,veh-2:cpu,cpu,1,0,0,0,0.007500000000000062,0.0029469353291050916,1,17.54011551688599,,0,805306368,"{""accelerator"":0,""cpu"":0,""encoder"":0}","{""accelerator"":6,""cpu"":6,""encoder"":6}",,,,,,,
2.5450168267783533,vehicle,veh-2,veh-2:encoder,encoder,1,0,0,0,0.0074278000000000954,0.0029185661650035864,1,17.54011551688599,,0,805306368,"{""accelerator"":0,""cpu"":0,""encoder"":0}","{""accelerator"":6,""cpu"":6,""encoder"":6}",,,,,,,
2.5450168267783533,rsu,rsu-1,rsu-1:ingress,rsu_ingress_cpu,1,0,0,0,0.006000000000000005,0.0023575482632840557,1,185.1468700408293,0.0,,,,,0,16,0,8589934592,0.0,30.0,False
2.5450168267783533,rsu,rsu-1,rsu-1:gpu,rsu_gpu,2,0,0,0,0.038741555000000094,0.007611257142264489,1,185.1468700408293,0.0,,,,,0,16,0,8589934592,0.0,30.0,False
2.5450168267783533,rsu,rsu-2,rsu-2:ingress,rsu_ingress_cpu,1,0,0,0,0.0,0.0,0,147.61097595314448,0.0,,,,,0,10,0,6442450944,0.0,18.0,False
2.5450168267783533,rsu,rsu-2,rsu-2:gpu,rsu_gpu,1,0,0,0,0.0,0.0,0,147.61097595314448,0.0,,,,,0,10,0,6442450944,0.0,18.0,False
2.545103881022785,vehicle,veh-1,veh-1:accelerator,accelerator,1,0,0,0,0.18099637299999993,0.07111551491063856,1,23.18840074636801,,0,1073741824,"{""accelerator"":0,""cpu"":0,""encoder"":0}","{""accelerator"":8,""cpu"":8,""encoder"":8}",,,,,,,
2.545103881022785,vehicle,veh-1,veh-1:cpu,cpu,1,0,0,0,0.02249999999999963,0.008840503591137387,1,23.18840074636801,,0,1073741824,"{""accelerator"":0,""cpu"":0,""encoder"":0}","{""accelerator"":8,""cpu"":8,""encoder"":8}",,,,,,,
2.545103881022785,vehicle,veh-1,veh-1:encoder,encoder,1,0,0,0,0.014886920000000026,0.00584923865426566,1,23.18840074636801,,0,1073741824,"{""accelerator"":0,""cpu"":0,""encoder"":0}","{""accelerator"":8,""cpu"":8,""encoder"":8}",,,,,,,
2.545103881022785,vehicle,veh-2,veh-2:accelerator,accelerator,1,0,0,0,0.0869868869999999,0.0341781283069055,1,17.540681369474797,,0,805306368,"{""accelerator"":0,""cpu"":0,""encoder"":0}","{""accelerator"":6,""cpu"":6,""encoder"":6}",,,,,,,
2.545103881022785,vehicle,veh-2,veh-2:cpu,cpu,1,0,0,0,0.007500000000000062,0.0029468345303792017,1,17.540681369474797,,0,805306368,"{""accelerator"":0,""cpu"":0,""encoder"":0}","{""accelerator"":6,""cpu"":6,""encoder"":6}",,,,,,,
2.545103881022785,vehicle,veh-2,veh-2:encoder,encoder,1,0,0,0,0.0074278000000000954,0.002918466336633431,1,17.540681369474797,,0,805306368,"{""accelerator"":0,""cpu"":0,""encoder"":0}","{""accelerator"":6,""cpu"":6,""encoder"":6}",,,,,,,
2.545103881022785,rsu,rsu-1,rsu-1:ingress,rsu_ingress_cpu,1,0,0,0,0.006000000000000005,0.0023574676243033436,1,185.15355580680165,0.0,,,,,0,16,0,8589934592,0.0,30.0,False
2.545103881022785,rsu,rsu-1,rsu-1:gpu,rsu_gpu,2,0,0,0,0.038741555000000094,0.007610996802305623,1,185.15355580680165,0.0,,,,,0,16,0,8589934592,0.0,30.0,False
2.545103881022785,rsu,rsu-2,rsu-2:ingress,rsu_ingress_cpu,1,0,0,0,0.0,0.0,0,147.61602509932152,0.0,,,,,0,10,0,6442450944,0.0,18.0,False
2.545103881022785,rsu,rsu-2,rsu-2:gpu,rsu_gpu,1,0,0,0,0.0,0.0,0,147.61602509932152,0.0,,,,,0,10,0,6442450944,0.0,18.0,False
2.75,vehicle,veh-1,veh-1:accelerator,accelerator,1,0,0,0,0.18099637299999993,0.06581686290909089,1,24.82756969818573,,0,1073741824,"{""accelerator"":0,""cpu"":0,""encoder"":0}","{""accelerator"":8,""cpu"":8,""encoder"":8}",,,,,,,
2.75,vehicle,veh-1,veh-1:cpu,cpu,1,0,0,0,0.02249999999999963,0.008181818181818047,1,24.82756969818573,,0,1073741824,"{""accelerator"":0,""cpu"":0,""encoder"":0}","{""accelerator"":8,""cpu"":8,""encoder"":8}",,,,,,,
2.75,vehicle,veh-1,veh-1:encoder,encoder,1,0,0,0,0.014886920000000026,0.005413425454545464,1,24.82756969818573,,0,1073741824,"{""accelerator"":0,""cpu"":0,""encoder"":0}","{""accelerator"":8,""cpu"":8,""encoder"":8}",,,,,,,
2.75,vehicle,veh-2,veh-2:accelerator,accelerator,1,0,0,0,0.0869868869999999,0.031631595272727235,1,18.872506142826694,,0,805306368,"{""accelerator"":0,""cpu"":0,""encoder"":0}","{""accelerator"":6,""cpu"":6,""encoder"":6}",,,,,,,
2.75,vehicle,veh-2,veh-2:cpu,cpu,1,0,0,0,0.007500000000000062,0.00272727272727275,1,18.872506142826694,,0,805306368,"{""accelerator"":0,""cpu"":0,""encoder"":0}","{""accelerator"":6,""cpu"":6,""encoder"":6}",,,,,,,
2.75,vehicle,veh-2,veh-2:encoder,encoder,1,0,0,0,0.0074278000000000954,0.0027010181818182166,1,18.872506142826694,,0,805306368,"{""accelerator"":0,""cpu"":0,""encoder"":0}","{""accelerator"":6,""cpu"":6,""encoder"":6}",,,,,,,
2.75,rsu,rsu-1,rsu-1:ingress,rsu_ingress_cpu,1,0,0,0,0.006000000000000005,0.0021818181818181836,1,199.9060763731611,0.0,,,,,0,16,0,8589934592,0.0,30.0,False
2.75,rsu,rsu-1,rsu-1:gpu,rsu_gpu,2,0,0,0,0.038741555000000094,0.007043919090909108,1,199.9060763731611,0.0,,,,,0,16,0,8589934592,0.0,30.0,False
2.75,rsu,rsu-2,rsu-2:ingress,rsu_ingress_cpu,1,0,0,0,0.0,0.0,0,159.5,0.0,,,,,0,10,0,6442450944,0.0,18.0,False
2.75,rsu,rsu-2,rsu-2:gpu,rsu_gpu,1,0,0,0,0.0,0.0,0,159.5,0.0,,,,,0,10,0,6442450944,0.0,18.0,False
2.79,vehicle,veh-1,veh-1:accelerator,accelerator,1,0,0,0,0.18099637299999993,0.06487325197132614,1,25.14756969818573,,0,1073741824,"{""accelerator"":0,""cpu"":0,""encoder"":0}","{""accelerator"":8,""cpu"":8,""encoder"":8}",,,,,,,
2.79,vehicle,veh-1,veh-1:cpu,cpu,1,0,0,0,0.02249999999999963,0.008064516129032126,1,25.14756969818573,,0,1073741824,"{""accelerator"":0,""cpu"":0,""encoder"":0}","{""accelerator"":8,""cpu"":8,""encoder"":8}",,,,,,,
2.79,vehicle,veh-1,veh-1:encoder,encoder,1,0,0,0,0.014886920000000026,0.005335813620071694,1,25.14756969818573,,0,1073741824,"{""accelerator"":0,""cpu"":0,""encoder"":0}","{""accelerator"":8,""cpu"":8,""encoder"":8}",,,,,,,
2.79,vehicle,veh-2,veh-2:accelerator,accelerator,1,0,0,0,0.0869868869999999,0.031178095698924695,1,19.132506142826696,,0,805306368,"{""accelerator"":0,""cpu"":0,""encoder"":0}","{""accelerator"":6,""cpu"":6,""encoder"":6}",,,,,,,
2.79,vehicle,veh-2,veh-2:cpu,cpu,1,0,0,0,0.007500000000000062,0.002688172043010775,1,19.132506142826696,,0,805306368,"{""accelerator"":0,""cpu"":0,""encoder"":0}","{""accelerator"":6,""cpu"":6,""encoder"":6}",,,,,,,
2.79,vehicle,veh-2,veh-2:encoder,encoder,1,0,0,0,0.0074278000000000954,0.00266229390681007,1,19.132506142826696,,0,805306368,"{""accelerator"":0,""cpu"":0,""encoder"":0}","{""accelerator"":6,""cpu"":6,""encoder"":6}",,,,,,,
2.79,rsu,rsu-1,rsu-1:ingress,rsu_ingress_cpu,1,0,0,0,0.006000000000000005,0.002150537634408604,1,202.7860763731611,0.0,,,,,0,16,0,8589934592,0.0,30.0,False
2.79,rsu,rsu-1,rsu-1:gpu,rsu_gpu,2,0,0,0,0.038741555000000094,0.006942931003584246,1,202.7860763731611,0.0,,,,,0,16,0,8589934592,0.0,30.0,False
2.79,rsu,rsu-2,rsu-2:ingress,rsu_ingress_cpu,1,0,0,0,0.0,0.0,0,161.82,0.0,,,,,0,10,0,6442450944,0.0,18.0,False
2.79,rsu,rsu-2,rsu-2:gpu,rsu_gpu,1,0,0,0,0.0,0.0,0,161.82,0.0,,,,,0,10,0,6442450944,0.0,18.0,False
3.0,vehicle,veh-1,veh-1:accelerator,accelerator,1,0,0,0,0.18099637299999993,0.06033212433333331,1,26.82756969818573,,0,1073741824,"{""accelerator"":0,""cpu"":0,""encoder"":0}","{""accelerator"":8,""cpu"":8,""encoder"":8}",,,,,,,
3.0,vehicle,veh-1,veh-1:cpu,cpu,1,0,0,0,0.02249999999999963,0.007499999999999877,1,26.82756969818573,,0,1073741824,"{""accelerator"":0,""cpu"":0,""encoder"":0}","{""accelerator"":8,""cpu"":8,""encoder"":8}",,,,,,,
3.0,vehicle,veh-1,veh-1:encoder,encoder,1,0,0,0,0.014886920000000026,0.0049623066666666755,1,26.82756969818573,,0,1073741824,"{""accelerator"":0,""cpu"":0,""encoder"":0}","{""accelerator"":8,""cpu"":8,""encoder"":8}",,,,,,,
3.0,vehicle,veh-2,veh-2:accelerator,accelerator,1,0,0,0,0.0869868869999999,0.028995628999999967,1,20.497506142826694,,0,805306368,"{""accelerator"":0,""cpu"":0,""encoder"":0}","{""accelerator"":6,""cpu"":6,""encoder"":6}",,,,,,,
3.0,vehicle,veh-2,veh-2:cpu,cpu,1,0,0,0,0.007500000000000062,0.002500000000000021,1,20.497506142826694,,0,805306368,"{""accelerator"":0,""cpu"":0,""encoder"":0}","{""accelerator"":6,""cpu"":6,""encoder"":6}",,,,,,,
3.0,vehicle,veh-2,veh-2:encoder,encoder,1,0,0,0,0.0074278000000000954,0.0024759333333333653,1,20.497506142826694,,0,805306368,"{""accelerator"":0,""cpu"":0,""encoder"":0}","{""accelerator"":6,""cpu"":6,""encoder"":6}",,,,,,,
3.0,rsu,rsu-1,rsu-1:ingress,rsu_ingress_cpu,1,0,0,0,0.006000000000000005,0.0020000000000000018,1,217.9060763731611,0.0,,,,,0,16,0,8589934592,0.0,30.0,False
3.0,rsu,rsu-1,rsu-1:gpu,rsu_gpu,2,0,0,0,0.038741555000000094,0.006456925833333349,1,217.9060763731611,0.0,,,,,0,16,0,8589934592,0.0,30.0,False
3.0,rsu,rsu-2,rsu-2:ingress,rsu_ingress_cpu,1,0,0,0,0.0,0.0,0,174.0,0.0,,,,,0,10,0,6442450944,0.0,18.0,False
3.0,rsu,rsu-2,rsu-2:gpu,rsu_gpu,1,0,0,0,0.0,0.0,0,174.0,0.0,,,,,0,10,0,6442450944,0.0,18.0,False
3.04,vehicle,veh-1,veh-1:accelerator,accelerator,1,0,0,0,0.18099637299999993,0.05953828059210524,1,27.14756969818573,,0,1073741824,"{""accelerator"":0,""cpu"":0,""encoder"":0}","{""accelerator"":8,""cpu"":8,""encoder"":8}",,,,,,,
3.04,vehicle,veh-1,veh-1:cpu,cpu,1,0,0,0,0.02249999999999963,0.007401315789473563,1,27.14756969818573,,0,1073741824,"{""accelerator"":0,""cpu"":0,""encoder"":0}","{""accelerator"":8,""cpu"":8,""encoder"":8}",,,,,,,
3.04,vehicle,veh-1,veh-1:encoder,encoder,1,0,0,0,0.014886920000000026,0.004897013157894745,1,27.14756969818573,,0,1073741824,"{""accelerator"":0,""cpu"":0,""encoder"":0}","{""accelerator"":8,""cpu"":8,""encoder"":8}",,,,,,,
3.04,vehicle,veh-2,veh-2:accelerator,accelerator,1,0,0,0,0.0869868869999999,0.02861410756578944,1,20.757506142826696,,0,805306368,"{""accelerator"":0,""cpu"":0,""encoder"":0}","{""accelerator"":6,""cpu"":6,""encoder"":6}",,,,,,,
3.04,vehicle,veh-2,veh-2:cpu,cpu,1,0,0,0,0.007500000000000062,0.002467105263157915,1,20.757506142826696,,0,805306368,"{""accelerator"":0,""cpu"":0,""encoder"":0}","{""accelerator"":6,""cpu"":6,""encoder"":6}",,,,,,,
3.04,vehicle,veh-2,veh-2:encoder,encoder,1,0,0,0,0.0074278000000000954,0.002443355263157926,1,20.757506142826696,,0,805306368,"{""accelerator"":0,""cpu"":0,""encoder"":0}","{""accelerator"":6,""cpu"":6,""encoder"":6}",,,,,,,
3.04,rsu,rsu-1,rsu-1:ingress,rsu_ingress_cpu,1,0,0,0,0.006000000000000005,0.0019736842105263176,1,220.7860763731611,0.0,,,,,0,16,0,8589934592,0.0,30.0,False
3.04,rsu,rsu-1,rsu-1:gpu,rsu_gpu,2,0,0,0,0.038741555000000094,0.0063719662828947525,1,220.7860763731611,0.0,,,,,0,16,0,8589934592,0.0,30.0,False
3.04,rsu,rsu-2,rsu-2:ingress,rsu_ingress_cpu,1,0,0,0,0.0,0.0,0,176.32,0.0,,,,,0,10,0,6442450944,0.0,18.0,False
3.04,rsu,rsu-2,rsu-2:gpu,rsu_gpu,1,0,0,0,0.0,0.0,0,176.32,0.0,,,,,0,10,0,6442450944,0.0,18.0,False
3.209452354,vehicle,veh-1,veh-1:accelerator,accelerator,1,0,0,0,0.18099637299999993,0.05639478422990788,1,28.50318853018573,,0,1073741824,"{""accelerator"":0,""cpu"":0,""encoder"":0}","{""accelerator"":8,""cpu"":8,""encoder"":8}",,,,,,,
3.209452354,vehicle,veh-1,veh-1:cpu,cpu,1,0,0,0,0.02249999999999963,0.007010541836509105,1,28.50318853018573,,0,1073741824,"{""accelerator"":0,""cpu"":0,""encoder"":0}","{""accelerator"":8,""cpu"":8,""encoder"":8}",,,,,,,
3.209452354,vehicle,veh-1,veh-1:encoder,encoder,1,0,0,0,0.014886920000000026,0.004638461132300712,1,28.50318853018573,,0,1073741824,"{""accelerator"":0,""cpu"":0,""encoder"":0}","{""accelerator"":8,""cpu"":8,""encoder"":8}",,,,,,,
3.209452354,vehicle,veh-2,veh-2:accelerator,accelerator,1,0,1,0.042582819,0.0869868869999999,0.02710334269071997,1,21.858946443826696,,67108864,805306368,"{""accelerator"":1,""cpu"":0,""encoder"":0}","{""accelerator"":6,""cpu"":6,""encoder"":6}",,,,,,,
3.209452354,vehicle,veh-2,veh-2:cpu,cpu,1,0,0,0,0.007500000000000062,0.002336847278836426,1,21.858946443826696,,67108864,805306368,"{""accelerator"":1,""cpu"":0,""encoder"":0}","{""accelerator"":6,""cpu"":6,""encoder"":6}",,,,,,,
3.209452354,vehicle,veh-2,veh-2:encoder,encoder,1,0,0,0,0.0074278000000000954,0.0023143512290321713,1,21.858946443826696,,67108864,805306368,"{""accelerator"":1,""cpu"":0,""encoder"":0}","{""accelerator"":6,""cpu"":6,""encoder"":6}",,,,,,,
3.209452354,rsu,rsu-1,rsu-1:ingress,rsu_ingress_cpu,1,0,0,0,0.006000000000000005,0.001869477823069127,1,232.98664586116112,0.0,,,,,0,16,0,8589934592,0.0,30.0,False
3.209452354,rsu,rsu-1,rsu-1:gpu,rsu_gpu,2,0,0,0,0.038741555000000094,0.006035539825309413,1,232.98664586116112,0.0,,,,,0,16,0,8589934592,0.0,30.0,False
3.209452354,rsu,rsu-2,rsu-2:ingress,rsu_ingress_cpu,1,0,0,0,0.0,0.0,0,186.148236532,0.0,,,,,0,10,0,6442450944,0.0,18.0,False
3.209452354,rsu,rsu-2,rsu-2:gpu,rsu_gpu,1,0,0,0,0.0,0.0,0,186.148236532,0.0,,,,,0,10,0,6442450944,0.0,18.0,False
3.25,vehicle,veh-1,veh-1:accelerator,accelerator,1,0,0,0,0.18099637299999993,0.05569119169230767,1,28.82756969818573,,0,1073741824,"{""accelerator"":0,""cpu"":0,""encoder"":0}","{""accelerator"":8,""cpu"":8,""encoder"":8}",,,,,,,
3.25,vehicle,veh-1,veh-1:cpu,cpu,1,0,0,0,0.02249999999999963,0.00692307692307681,1,28.82756969818573,,0,1073741824,"{""accelerator"":0,""cpu"":0,""encoder"":0}","{""accelerator"":8,""cpu"":8,""encoder"":8}",,,,,,,
3.25,vehicle,veh-1,veh-1:encoder,encoder,1,0,0,0,0.014886920000000026,0.004580590769230777,1,28.82756969818573,,0,1073741824,"{""accelerator"":0,""cpu"":0,""encoder"":0}","{""accelerator"":8,""cpu"":8,""encoder"":8}",,,,,,,
3.25,vehicle,veh-2,veh-2:accelerator,accelerator,1,0,1,0.0020351730000001747,0.12753453299999973,0.039241394769230685,1,22.427424443984197,,67108864,805306368,"{""accelerator"":1,""cpu"":0,""encoder"":0}","{""accelerator"":6,""cpu"":6,""encoder"":6}",,,,,,,
3.25,vehicle,veh-2,veh-2:cpu,cpu,1,0,0,0,0.007500000000000062,0.002307692307692327,1,22.427424443984197,,67108864,805306368,"{""accelerator"":1,""cpu"":0,""encoder"":0}","{""accelerator"":6,""cpu"":6,""encoder"":6}",,,,,,,
3.25,vehicle,veh-2,veh-2:encoder,encoder,1,0,0,0,0.0074278000000000954,0.0022854769230769524,1,22.427424443984197,,67108864,805306368,"{""accelerator"":1,""cpu"":0,""encoder"":0}","{""accelerator"":6,""cpu"":6,""encoder"":6}",,,,,,,
3.25,rsu,rsu-1,rsu-1:ingress,rsu_ingress_cpu,1,0,0,0,0.006000000000000005,0.0018461538461538478,1,235.9060763731611,0.0,,,,,0,16,0,8589934592,0.0,30.0,False
3.25,rsu,rsu-1,rsu-1:gpu,rsu_gpu,2,0,0,0,0.038741555000000094,0.005960239230769245,1,235.9060763731611,0.0,,,,,0,16,0,8589934592,0.0,30.0,False
3.25,rsu,rsu-2,rsu-2:ingress,rsu_ingress_cpu,1,0,0,0,0.0,0.0,0,188.5,0.0,,,,,0,10,0,6442450944,0.0,18.0,False
3.25,rsu,rsu-2,rsu-2:gpu,rsu_gpu,1,0,0,0,0.0,0.0,0,188.5,0.0,,,,,0,10,0,6442450944,0.0,18.0,False
3.2520351730000003,vehicle,veh-1,veh-1:accelerator,accelerator,1,0,0,0,0.18099637299999993,0.055656339298763145,1,28.843851082185733,,0,1073741824,"{""accelerator"":0,""cpu"":0,""encoder"":0}","{""accelerator"":8,""cpu"":8,""encoder"":8}",,,,,,,
3.2520351730000003,vehicle,veh-1,veh-1:cpu,cpu,1,0,0,0,0.02249999999999963,0.006918744356397412,1,28.843851082185733,,0,1073741824,"{""accelerator"":0,""cpu"":0,""encoder"":0}","{""accelerator"":8,""cpu"":8,""encoder"":8}",,,,,,,
3.2520351730000003,vehicle,veh-1,veh-1:encoder,encoder,1,0,0,0,0.014886920000000026,0.004577724165961849,1,28.843851082185733,,0,1073741824,"{""accelerator"":0,""cpu"":0,""encoder"":0}","{""accelerator"":8,""cpu"":8,""encoder"":8}",,,,,,,
3.2520351730000003,vehicle,veh-2,veh-2:accelerator,accelerator,1,0,0,0,0.12956970600000006,0.03984265209544831,1,22.459957569606697,,268435456,805306368,"{""accelerator"":1,""cpu"":1,""encoder"":1}","{""accelerator"":6,""cpu"":6,""encoder"":6}",,,,,,,
3.2520351730000003,vehicle,veh-2,veh-2:cpu,cpu,1,0,0,0,0.007500000000000062,0.002306248118799194,1,22.459957569606697,,268435456,805306368,"{""accelerator"":1,""cpu"":1,""encoder"":1}","{""accelerator"":6,""cpu"":6,""encoder"":6}",,,,,,,
3.2520351730000003,vehicle,veh-2,veh-2:encoder,encoder,1,0,0,0,0.0074278000000000954,0.0022840466369088977,1,22.459957569606697,,268435456,805306368,"{""accelerator"":1,""cpu"":1,""encoder"":1}","{""accelerator"":6,""cpu"":6,""encoder"":6}",,,,,,,
3.2520351730000003,rsu,rsu-1,rsu-1:ingress,rsu_ingress_cpu,1,0,0,0,0.006000000000000005,0.0018449984950393416,1,236.05260882916113,0.0,,,,,0,16,0,8589934592,0.0,30.0,False
3.2520351730000003,rsu,rsu-1,rsu-1:gpu,rsu_gpu,2,0,0,0,0.038741555000000094,0.005956509222540332,1,236.05260882916113,0.0,,,,,0,16,0,8589934592,0.0,30.0,False
3.2520351730000003,rsu,rsu-2,rsu-2:ingress,rsu_ingress_cpu,1,0,0,0,0.0,0.0,0,188.61804003400002,0.0,,,,,0,10,0,6442450944,0.0,18.0,False
3.2520351730000003,rsu,rsu-2,rsu-2:gpu,rsu_gpu,1,0,0,0,0.0,0.0,0,188.61804003400002,0.0,,,,,0,10,0,6442450944,0.0,18.0,False
3.2528351730000002,vehicle,veh-1,veh-1:accelerator,accelerator,1,0,0,0,0.18099637299999993,0.05564265121772892,1,28.850251082185732,,0,1073741824,"{""accelerator"":0,""cpu"":0,""encoder"":0}","{""accelerator"":8,""cpu"":8,""encoder"":8}",,,,,,,
3.2528351730000002,vehicle,veh-1,veh-1:cpu,cpu,1,0,0,0,0.02249999999999963,0.00691704276526514,1,28.850251082185732,,0,1073741824,"{""accelerator"":0,""cpu"":0,""encoder"":0}","{""accelerator"":8,""cpu"":8,""encoder"":8}",,,,,,,
3.2528351730000002,vehicle,veh-1,veh-1:encoder,encoder,1,0,0,0,0.014886920000000026,0.004576598323692568,1,28.850251082185732,,0,1073741824,"{""accelerator"":0,""cpu"":0,""encoder"":0}","{""accelerator"":8,""cpu"":8,""encoder"":8}",,,,,,,
3.2528351730000002,vehicle,veh-2,veh-2:accelerator,accelerator,1,0,1,0.044404068,0.12956970600000006,0.039832853221548725,1,22.465253569606695,,268435456,805306368,"{""accelerator"":1,""cpu"":1,""encoder"":1}","{""accelerator"":6,""cpu"":6,""encoder"":6}",,,,,,,
3.2528351730000002,vehicle,veh-2,veh-2:cpu,cpu,1,0,0,0,0.007500000000000062,0.0023056809217551037,1,22.465253569606695,,268435456,805306368,"{""accelerator"":1,""cpu"":1,""encoder"":1}","{""accelerator"":6,""cpu"":6,""encoder"":6}",,,,,,,
3.2528351730000002,vehicle,veh-2,veh-2:encoder,encoder,1,0,0,0,0.0074278000000000954,0.0022834849000816847,1,22.465253569606695,,268435456,805306368,"{""accelerator"":1,""cpu"":1,""encoder"":1}","{""accelerator"":6,""cpu"":6,""encoder"":6}",,,,,,,
3.2528351730000002,rsu,rsu-1,rsu-1:ingress,rsu_ingress_cpu,1,0,0,0,0.006000000000000005,0.001844544737404069,1,236.11020882916114,0.0,,,,,0,16,0,8589934592,0.0,30.0,False
3.2528351730000002,rsu,rsu-1,rsu-1:gpu,rsu_gpu,2,0,0,0,0.038741555000000094,0.005955044282841701,1,236.11020882916114,0.0,,,,,0,16,0,8589934592,0.0,30.0,False
3.2528351730000002,rsu,rsu-2,rsu-2:ingress,rsu_ingress_cpu,1,0,0,0,0.0,0.0,0,188.66444003400002,0.0,,,,,0,10,0,6442450944,0.0,18.0,False
3.2528351730000002,rsu,rsu-2,rsu-2:gpu,rsu_gpu,1,0,0,0,0.0,0.0,0,188.66444003400002,0.0,,,,,0,10,0,6442450944,0.0,18.0,False
3.29,vehicle,veh-1,veh-1:accelerator,accelerator,1,0,0,0,0.18099637299999993,0.055014095136778095,1,29.14756969818573,,0,1073741824,"{""accelerator"":0,""cpu"":0,""encoder"":0}","{""accelerator"":8,""cpu"":8,""encoder"":8}",,,,,,,
3.29,vehicle,veh-1,veh-1:cpu,cpu,1,0,0,0,0.02249999999999963,0.006838905775075876,1,29.14756969818573,,0,1073741824,"{""accelerator"":0,""cpu"":0,""encoder"":0}","{""accelerator"":8,""cpu"":8,""encoder"":8}",,,,,,,
3.29,vehicle,veh-1,veh-1:encoder,encoder,1,0,0,0,0.014886920000000026,0.00452489969604864,1,29.14756969818573,,0,1073741824,"{""accelerator"":0,""cpu"":0,""encoder"":0}","{""accelerator"":8,""cpu"":8,""encoder"":8}",,,,,,,
3.29,vehicle,veh-2,veh-2:accelerator,accelerator,1,0,1,0.007239241000000209,0.16673453299999985,0.050679189361702084,1,23.027185751335786,,268435456,805306368,"{""accelerator"":1,""cpu"":1,""encoder"":1}","{""accelerator"":6,""cpu"":6,""encoder"":6}",,,,,,,
3.29,vehicle,veh-2,veh-2:cpu,cpu,1,0,0,0,0.007500000000000062,0.0022796352583586816,1,23.027185751335786,,268435456,805306368,"{""accelerator"":1,""cpu"":1,""encoder"":1}","{""accelerator"":6,""cpu"":6,""encoder"":6}",,,,,,,
3.29,vehicle,veh-2,veh-2:encoder,encoder,1,0,0,0,0.0074278000000000954,0.0022576899696048923,1,23.027185751335786,,268435456,805306368,"{""accelerator"":1,""cpu"":1,""encoder"":1}","{""accelerator"":6,""cpu"":6,""encoder"":6}",,,,,,,
3.29,rsu,rsu-1,rsu-1:ingress,rsu_ingress_cpu,1,0,0,0,0.006000000000000005,0.0018237082066869317,1,238.7860763731611,0.0,,,,,0,16,0,8589934592,0.0,30.0,False
3.29,rsu,rsu-1,rsu-1:gpu,rsu_gpu,2,0,0,0,0.038741555000000094,0.0058877743161094365,1,238.7860763731611,0.0,,,,,0,16,0,8589934592,0.0,30.0,False
3.29,rsu,rsu-2,rsu-2:ingress,rsu_ingress_cpu,1,0,0,0,0.0,0.0,0,190.82000000000002,0.0,,,,,0,10,0,6442450944,0.0,18.0,False
3.29,rsu,rsu-2,rsu-2:gpu,rsu_gpu,1,0,0,0,0.0,0.0,0,190.82000000000002,0.0,,,,,0,10,0,6442450944,0.0,18.0,False
3.297239241,vehicle,veh-1,veh-1:accelerator,accelerator,1,0,0,0,0.18099637299999993,0.05489330915069014,1,29.205483626185732,,0,1073741824,"{""accelerator"":0,""cpu"":0,""encoder"":0}","{""accelerator"":8,""cpu"":8,""encoder"":8}",,,,,,,
3.297239241,vehicle,veh-1,veh-1:cpu,cpu,1,0,0,0,0.02249999999999963,0.006823890641667767,1,29.205483626185732,,0,1073741824,"{""accelerator"":0,""cpu"":0,""encoder"":0}","{""accelerator"":8,""cpu"":8,""encoder"":8}",,,,,,,
3.297239241,vehicle,veh-1,veh-1:encoder,encoder,1,0,0,0,0.014886920000000026,0.004514965069833714,1,29.205483626185732,,0,1073741824,"{""accelerator"":0,""cpu"":0,""encoder"":0}","{""accelerator"":8,""cpu"":8,""encoder"":8}",,,,,,,
3.297239241,vehicle,veh-2,veh-2:accelerator,accelerator,1,0,0,0,0.17397377400000003,0.052763467035299674,1,23.136643074766692,,268435456,805306368,"{""accelerator"":1,""cpu"":1,""encoder"":1}","{""accelerator"":6,""cpu"":6,""encoder"":6}",,,,,,,
3.297239241,vehicle,veh-2,veh-2:cpu,cpu,1,0,1,0.0075,0.007500000000000062,0.002274630213889312,1,23.136643074766692,,268435456,805306368,"{""accelerator"":1,""cpu"":1,""encoder"":1}","{""accelerator"":6,""cpu"":6,""encoder"":6}",,,,,,,
3.297239241,vehicle,veh-2,veh-2:encoder,encoder,1,0,0,0,0.0074278000000000954,0.0022527331070302807,1,23.136643074766692,,268435456,805306368,"{""accelerator"":1,""cpu"":1,""encoder"":1}","{""accelerator"":6,""cpu"":6,""encoder"":6}",,,,,,,
3.297239241,rsu,rsu-1,rsu-1:ingress,rsu_ingress_cpu,1,0,0,0,0.006000000000000005,0.001819704171111436,1,239.30730172516112,0.0,,,,,0,16,0,8589934592,0.0,30.0,False
3.297239241,rsu,rsu-1,rsu-1:gpu,rsu_gpu,2,0,0,0,0.038741555000000094,0.005874847435736934,1,239.30730172516112,0.0,,,,,0,16,0,8589934592,0.0,30.0,False
3.297239241,rsu,rsu-2,rsu-2:ingress,rsu_ingress_cpu,1,0,0,0,0.0,0.0,0,191.23987597800004,0.0,,,,,0,10,0,6442450944,0.0,18.0,False
3.297239241,rsu,rsu-2,rsu-2:gpu,rsu_gpu,1,0,0,0,0.0,0.0,0,191.23987597800004,0.0,,,,,0,10,0,6442450944,0.0,18.0,False
3.304739241,vehicle,veh-1,veh-1:accelerator,accelerator,1,0,0,0,0.18099637299999993,0.05476873054142426,1,29.26548362618573,,0,1073741824,"{""accelerator"":0,""cpu"":0,""encoder"":0}","{""accelerator"":8,""cpu"":8,""encoder"":8}",,,,,,,
3.304739241,vehicle,veh-1,veh-1:cpu,cpu,1,0,0,0,0.02249999999999963,0.006808404040129722,1,29.26548362618573,,0,1073741824,"{""accelerator"":0,""cpu"":0,""encoder"":0}","{""accelerator"":8,""cpu"":8,""encoder"":8}",,,,,,,
3.304739241,vehicle,veh-1,veh-1:encoder,encoder,1,0,0,0,0.014886920000000026,0.004504718501026213,1,29.26548362618573,,0,1073741824,"{""accelerator"":0,""cpu"":0,""encoder"":0}","{""accelerator"":8,""cpu"":8,""encoder"":8}",,,,,,,
3.304739241,vehicle,veh-2,veh-2:accelerator,accelerator,1,0,0,0,0.17397377400000003,0.05264372203458821,1,23.23129307476669,,268435456,805306368,"{""accelerator"":1,""cpu"":1,""encoder"":1}","{""accelerator"":6,""cpu"":6,""encoder"":6}",,,,,,,
3.304739241,vehicle,veh-2,veh-2:cpu,cpu,1,0,0,0,0.014999999999999902,0.004538936026753193,1,23.23129307476669,,268435456,805306368,"{""accelerator"":1,""cpu"":1,""encoder"":1}","{""accelerator"":6,""cpu"":6,""encoder"":6}",,,,,,,
3.304739241,vehicle,veh-2,veh-2:encoder,encoder,1,0,1,0.0074278,0.0074278000000000954,0.002247620601301201,1,23.23129307476669,,268435456,805306368,"{""accelerator"":1,""cpu"":1,""encoder"":1}","{""accelerator"":6,""cpu"":6,""encoder"":6}",,,,,,,
3.304739241,rsu,rsu-1,rsu-1:ingress,rsu_ingress_cpu,1,0,0,0,0.006000000000000005,0.0018155744107012906,1,239.84730172516112,0.0,,,,,0,16,0,8589934592,0.0,30.0,False
3.304739241,rsu,rsu-1,rsu-1:gpu,rsu_gpu,2,0,0,0,0.038741555000000094,0.005861514657398062,1,239.84730172516112,0.0,,,,,0,16,0,8589934592,0.0,30.0,False
3.304739241,rsu,rsu-2,rsu-2:ingress,rsu_ingress_cpu,1,0,0,0,0.0,0.0,0,191.67487597800005,0.0,,,,,0,10,0,6442450944,0.0,18.0,False
3.304739241,rsu,rsu-2,rsu-2:gpu,rsu_gpu,1,0,0,0,0.0,0.0,0,191.67487597800005,0.0,,,,,0,10,0,6442450944,0.0,18.0,False
3.312167041,vehicle,veh-1,veh-1:accelerator,accelerator,1,0,0,0,0.18099637299999993,0.0546459072744574,1,29.32490602618573,,0,1073741824,"{""accelerator"":0,""cpu"":0,""encoder"":0}","{""accelerator"":8,""cpu"":8,""encoder"":8}",,,,,,,
3.312167041,vehicle,veh-1,veh-1:cpu,cpu,1,0,0,0,0.02249999999999963,0.006793135648498723,1,29.32490602618573,,0,1073741824,"{""accelerator"":0,""cpu"":0,""encoder"":0}","{""accelerator"":8,""cpu"":8,""encoder"":8}",,,,,,,
3.312167041,vehicle,veh-1,veh-1:encoder,encoder,1,0,0,0,0.014886920000000026,0.004494616308815575,1,29.32490602618573,,0,1073741824,"{""accelerator"":0,""cpu"":0,""encoder"":0}","{""accelerator"":8,""cpu"":8,""encoder"":8}",,,,,,,
3.312167041,vehicle,veh-2,veh-2:accelerator,accelerator,1,0,0,0,0.17397377400000003,0.052525664269479105,1,23.326604110766688,,268435456,805306368,"{""accelerator"":1,""cpu"":0,""encoder"":0}","{""accelerator"":6,""cpu"":6,""encoder"":6}",,,,,,,
3.312167041,vehicle,veh-2,veh-2:cpu,cpu,1,0,0,0,0.014999999999999902,0.004528757098999194,1,23.326604110766688,,268435456,805306368,"{""accelerator"":1,""cpu"":0,""encoder"":0}","{""accelerator"":6,""cpu"":6,""encoder"":6}",,,,,,,
3.312167041,vehicle,veh-2,veh-2:encoder,encoder,1,0,0,0,0.014855599999999969,0.004485160263992848,1,23.326604110766688,,268435456,805306368,"{""accelerator"":1,""cpu"":0,""encoder"":0}","{""accelerator"":6,""cpu"":6,""encoder"":6}",,,,,,,
3.312167041,rsu,rsu-1,rsu-1:ingress,rsu_ingress_cpu,1,0,0,0,0.006000000000000005,0.0018115028395996908,1,240.3821033251611,0.0,,,,,0,16,0,8589934592,0.0,30.0,False
3.312167041,rsu,rsu-1,rsu-1:gpu,rsu_gpu,2,0,0,0,0.038741555000000094,0.005848369741083975,1,240.3821033251611,0.0,,,,,0,16,0,8589934592,0.0,30.0,False
3.312167041,rsu,rsu-2,rsu-2:ingress,rsu_ingress_cpu,1,0,0,0,0.0,0.0,0,192.10568837800002,0.0,,,,,0,10,0,6442450944,0.0,18.0,False
3.312167041,rsu,rsu-2,rsu-2:gpu,rsu_gpu,1,0,0,0,0.0,0.0,0,192.10568837800002,0.0,,,,,0,10,0,6442450944,0.0,18.0,False
3.312967041,vehicle,veh-1,veh-1:accelerator,accelerator,1,0,0,0,0.18099637299999993,0.05463271163282302,1,29.33130602618573,,0,1073741824,"{""accelerator"":0,""cpu"":0,""encoder"":0}","{""accelerator"":8,""cpu"":8,""encoder"":8}",,,,,,,
3.312967041,vehicle,veh-1,veh-1:cpu,cpu,1,0,0,0,0.02249999999999963,0.006791495273435663,1,29.33130602618573,,0,1073741824,"{""accelerator"":0,""cpu"":0,""encoder"":0}","{""accelerator"":8,""cpu"":8,""encoder"":8}",,,,,,,
3.312967041,vehicle,veh-1,veh-1:encoder,encoder,1,0,0,0,0.014886920000000026,0.004493530969600741,1,29.33130602618573,,0,1073741824,"{""accelerator"":0,""cpu"":0,""encoder"":0}","{""accelerator"":8,""cpu"":8,""encoder"":8}",,,,,,,
3.312967041,vehicle,veh-2,veh-2:accelerator,accelerator,1,0,0,0,0.17397377400000003,0.05251298061434594,1,23.331900110766686,,268435456,805306368,"{""accelerator"":1,""cpu"":0,""encoder"":0}","{""accelerator"":6,""cpu"":6,""encoder"":6}",,,,,,,
3.312967041,vehicle,veh-2,veh-2:cpu,cpu,1,0,0,0,0.014999999999999902,0.00452766351562382,1,23.331900110766686,,268435456,805306368,"{""accelerator"":1,""cpu"":0,""encoder"":0}","{""accelerator"":6,""cpu"":6,""encoder"":6}",,,,,,,
3.312967041,vehicle,veh-2,veh-2:encoder,encoder,1,0,0,0,0.014855599999999969,0.004484077208180101,1,23.331900110766686,,268435456,805306368,"{""accelerator"":1,""cpu"":0,""encoder"":0}","{""accelerator"":6,""cpu"":6,""encoder"":6}",,,,,,,
3.312967041,rsu,rsu-1,rsu-1:ingress,rsu_ingress_cpu,1,0,0,0,0.006000000000000005,0.0018110654062495413,1,240.43970332516108,0.0,,,,,0,16,0,8589934592,0.0,30.0,False
3.312967041,rsu,rsu-1,rsu-1:gpu,rsu_gpu,2,0,0,0,0.038741555000000094,0.0058469575037345045,1,240.43970332516108,0.0,,,,,0,16,0,8589934592,0.0,30.0,False
3.312967041,rsu,rsu-2,rsu-2:ingress,rsu_ingress_cpu,1,0,0,0,0.0,0.0,0,192.15208837800003,0.0,,,,,0,10,0,6442450944,0.0,18.0,False
3.312967041,rsu,rsu-2,rsu-2:gpu,rsu_gpu,1,0,0,0,0.0,0.0,0,192.15208837800003,0.0,,,,,0,10,0,6442450944,0.0,18.0,False
3.3661017989044217,vehicle,veh-1,veh-1:accelerator,accelerator,1,0,0,0,0.18099637299999993,0.05377032062990773,1,29.756384089421104,,0,1073741824,"{""accelerator"":0,""cpu"":0,""encoder"":0}","{""accelerator"":8,""cpu"":8,""encoder"":8}",,,,,,,
3.3661017989044217,vehicle,veh-1,veh-1:cpu,cpu,1,0,0,0,0.02249999999999963,0.0066842898237132325,1,29.756384089421104,,0,1073741824,"{""accelerator"":0,""cpu"":0,""encoder"":0}","{""accelerator"":8,""cpu"":8,""encoder"":8}",,,,,,,
3.3661017989044217,vehicle,veh-1,veh-1:encoder,encoder,1,0,0,0,0.014886920000000026,0.004422599460552658,1,29.756384089421104,,0,1073741824,"{""accelerator"":0,""cpu"":0,""encoder"":0}","{""accelerator"":8,""cpu"":8,""encoder"":8}",,,,,,,
3.3661017989044217,vehicle,veh-2,veh-2:accelerator,accelerator,1,0,0,0,0.17397377400000003,0.05168405009516466,1,23.858996909178554,,268435456,805306368,"{""accelerator"":1,""cpu"":0,""encoder"":0}","{""accelerator"":6,""cpu"":6,""encoder"":6}",,,,,,,
3.3661017989044217,vehicle,veh-2,veh-2:cpu,cpu,1,0,0,0,0.014999999999999902,0.004456193215808865,1,23.858996909178554,,268435456,805306368,"{""accelerator"":1,""cpu"":0,""encoder"":0}","{""accelerator"":6,""cpu"":6,""encoder"":6}",,,,,,,
3.3661017989044217,vehicle,veh-2,veh-2:encoder,encoder,1,0,0,0,0.014855599999999969,0.0044132949291180315,1,23.858996909178554,,268435456,805306368,"{""accelerator"":1,""cpu"":0,""encoder"":0}","{""accelerator"":6,""cpu"":6,""encoder"":6}",,,,,,,
3.3661017989044217,rsu,rsu-1,rsu-1:ingress,rsu_ingress_cpu,1,0,0,0,0.006000000000000005,0.0017824772863235595,1,244.33713781745044,0.0,,,,,0,16,0,8589934592,0.0,30.0,False
3.3661017989044217,rsu,rsu-1,rsu-1:gpu,rsu_gpu,2,0,0,0,0.038741555000000094,0.005754661818696253,1,244.33713781745044,0.0,,,,,0,16,0,8589934592,0.0,30.0,False
3.3661017989044217,rsu,rsu-2,rsu-2:ingress,rsu_ingress_cpu,1,0,0,0,0.0,0.0,0,195.2339043364565,0.0,,,,,0,10,0,6442450944,0.0,18.0,False
3.3661017989044217,rsu,rsu-2,rsu-2:gpu,rsu_gpu,1,0,0,0,0.0,0.0,0,195.2339043364565,0.0,,,,,0,10,0,6442450944,0.0,18.0,False
3.366101798904422,vehicle,veh-1,veh-1:accelerator,accelerator,1,0,0,0,0.18099637299999993,0.05377032062990772,1,29.756384089421108,,0,1073741824,"{""accelerator"":0,""cpu"":0,""encoder"":0}","{""accelerator"":8,""cpu"":8,""encoder"":8}",,,,,,,
3.366101798904422,vehicle,veh-1,veh-1:cpu,cpu,1,0,0,0,0.02249999999999963,0.006684289823713232,1,29.756384089421108,,0,1073741824,"{""accelerator"":0,""cpu"":0,""encoder"":0}","{""accelerator"":8,""cpu"":8,""encoder"":8}",,,,,,,
3.366101798904422,vehicle,veh-1,veh-1:encoder,encoder,1,0,0,0,0.014886920000000026,0.004422599460552657,1,29.756384089421108,,0,1073741824,"{""accelerator"":0,""cpu"":0,""encoder"":0}","{""accelerator"":8,""cpu"":8,""encoder"":8}",,,,,,,
3.366101798904422,vehicle,veh-2,veh-2:accelerator,accelerator,1,0,0,0,0.17397377400000003,0.051684050095164656,1,23.858996909178558,,268435456,805306368,"{""accelerator"":1,""cpu"":0,""encoder"":0}","{""accelerator"":6,""cpu"":6,""encoder"":6}",,,,,,,
3.366101798904422,vehicle,veh-2,veh-2:cpu,cpu,1,0,0,0,0.014999999999999902,0.004456193215808865,1,23.858996909178558,,268435456,805306368,"{""accelerator"":1,""cpu"":0,""encoder"":0}","{""accelerator"":6,""cpu"":6,""encoder"":6}",,,,,,,
3.366101798904422,vehicle,veh-2,veh-2:encoder,encoder,1,0,0,0,0.014855599999999969,0.004413294929118031,1,23.858996909178558,,268435456,805306368,"{""accelerator"":1,""cpu"":0,""encoder"":0}","{""accelerator"":6,""cpu"":6,""encoder"":6}",,,,,,,
3.366101798904422,rsu,rsu-1,rsu-1:ingress,rsu_ingress_cpu,1,0,1,0.003,0.006000000000000005,0.0017824772863235592,1,244.33713781745047,0.0,,,,,1,16,805306368,8589934592,0.03,30.0,False
3.366101798904422,rsu,rsu-1,rsu-1:gpu,rsu_gpu,2,0,0,0,0.038741555000000094,0.005754661818696252,1,244.33713781745047,0.0,,,,,1,16,805306368,8589934592,0.03,30.0,False
3.366101798904422,rsu,rsu-2,rsu-2:ingress,rsu_ingress_cpu,1,0,0,0,0.0,0.0,0,195.23390433645653,0.0,,,,,0,10,0,6442450944,0.0,18.0,False
3.366101798904422,rsu,rsu-2,rsu-2:gpu,rsu_gpu,1,0,0,0,0.0,0.0,0,195.23390433645653,0.0,,,,,0,10,0,6442450944,0.0,18.0,False
3.3691017989044223,vehicle,veh-1,veh-1:accelerator,accelerator,1,0,0,0,0.18099637299999993,0.0537224411143816,1,29.78038408942111,,0,1073741824,"{""accelerator"":0,""cpu"":0,""encoder"":0}","{""accelerator"":8,""cpu"":8,""encoder"":8}",,,,,,,
3.3691017989044223,vehicle,veh-1,veh-1:cpu,cpu,1,0,0,0,0.02249999999999963,0.006678337830966185,1,29.78038408942111,,0,1073741824,"{""accelerator"":0,""cpu"":0,""encoder"":0}","{""accelerator"":8,""cpu"":8,""encoder"":8}",,,,,,,
3.3691017989044223,vehicle,veh-1,veh-1:encoder,encoder,1,0,0,0,0.014886920000000026,0.004418661378780841,1,29.78038408942111,,0,1073741824,"{""accelerator"":0,""cpu"":0,""encoder"":0}","{""accelerator"":8,""cpu"":8,""encoder"":8}",,,,,,,
3.3691017989044223,vehicle,veh-2,veh-2:accelerator,accelerator,1,0,0,0,0.17397377400000003,0.05163802828889691,1,23.87885690917856,,268435456,805306368,"{""accelerator"":1,""cpu"":0,""encoder"":0}","{""accelerator"":6,""cpu"":6,""encoder"":6}",,,,,,,
3.3691017989044223,vehicle,veh-2,veh-2:cpu,cpu,1,0,0,0,0.014999999999999902,0.004452225220644168,1,23.87885690917856,,268435456,805306368,"{""accelerator"":1,""cpu"":0,""encoder"":0}","{""accelerator"":6,""cpu"":6,""encoder"":6}",,,,,,,
3.3691017989044223,vehicle,veh-2,veh-2:encoder,encoder,1,0,0,0,0.014855599999999969,0.004409365132520119,1,23.87885690917856,,268435456,805306368,"{""accelerator"":1,""cpu"":0,""encoder"":0}","{""accelerator"":6,""cpu"":6,""encoder"":6}",,,,,,,
3.3691017989044223,rsu,rsu-1,rsu-1:ingress,rsu_ingress_cpu,1,0,0,0,0.009000000000000119,0.002671335132386553,1,244.60663781745046,0.0,,,,,1,16,805306368,8589934592,0.03,30.0,False
3.3691017989044223,rsu,rsu-1,rsu-1:gpu,rsu_gpu,2,0,1,0.020062239,0.038741555000000094,0.005749537608599156,1,244.60663781745046,0.0,,,,,1,16,805306368,8589934592,0.03,30.0,False
3.3691017989044223,rsu,rsu-2,rsu-2:ingress,rsu_ingress_cpu,1,0,0,0,0.0,0.0,0,195.40790433645654,0.0,,,,,0,10,0,6442450944,0.0,18.0,False
3.3691017989044223,rsu,rsu-2,rsu-2:gpu,rsu_gpu,1,0,0,0,0.0,0.0,0,195.40790433645654,0.0,,,,,0,10,0,6442450944,0.0,18.0,False
3.3891640379044223,vehicle,veh-1,veh-1:accelerator,accelerator,1,0,0,0,0.18099637299999993,0.05340442981683267,1,29.94088200142111,,0,1073741824,"{""accelerator"":0,""cpu"":0,""encoder"":0}","{""accelerator"":8,""cpu"":8,""encoder"":8}",,,,,,,
3.3891640379044223,vehicle,veh-1,veh-1:cpu,cpu,1,0,0,0,0.02249999999999963,0.006638805247653862,1,29.94088200142111,,0,1073741824,"{""accelerator"":0,""cpu"":0,""encoder"":0}","{""accelerator"":8,""cpu"":8,""encoder"":8}",,,,,,,
3.3891640379044223,vehicle,veh-1,veh-1:encoder,encoder,1,0,0,0,0.014886920000000026,0.004392505005218001,1,29.94088200142111,,0,1073741824,"{""accelerator"":0,""cpu"":0,""encoder"":0}","{""accelerator"":8,""cpu"":8,""encoder"":8}",,,,,,,
3.3891640379044223,vehicle,veh-2,veh-2:accelerator,accelerator,1,0,0,0,0.17397377400000003,0.05133235572379405,1,24.01166893135856,,268435456,805306368,"{""accelerator"":1,""cpu"":0,""encoder"":0}","{""accelerator"":6,""cpu"":6,""encoder"":6}",,,,,,,
3.3891640379044223,vehicle,veh-2,veh-2:cpu,cpu,1,0,0,0,0.014999999999999902,0.004425870165102618,1,24.01166893135856,,268435456,805306368,"{""accelerator"":1,""cpu"":0,""encoder"":0}","{""accelerator"":6,""cpu"":6,""encoder"":6}",,,,,,,
3.3891640379044223,vehicle,veh-2,veh-2:encoder,encoder,1,0,0,0,0.014855599999999969,0.00438326378831325,1,24.01166893135856,,268435456,805306368,"{""accelerator"":1,""cpu"":0,""encoder"":0}","{""accelerator"":6,""cpu"":6,""encoder"":6}",,,,,,,
3.3891640379044223,rsu,rsu-1,rsu-1:ingress,rsu_ingress_cpu,1,0,0,0,0.009000000000000119,0.0026555220990616235,1,246.8636396989505,0.0,,,,,0,16,0,8589934592,0.0,30.0,False
3.3891640379044223,rsu,rsu-1,rsu-1:gpu,rsu_gpu,2,0,0,0,0.05880379400000013,0.008675265248648088,1,246.8636396989505,0.0,,,,,0,16,0,8589934592,0.0,30.0,False
3.3891640379044223,rsu,rsu-2,rsu-2:ingress,rsu_ingress_cpu,1,0,0,0,0.0,0.0,0,196.57151419845655,0.0,,,,,0,10,0,6442450944,0.0,18.0,False
3.3891640379044223,rsu,rsu-2,rsu-2:gpu,rsu_gpu,1,0,0,0,0.0,0.0,0,196.57151419845655,0.0,,,,,0,10,0,6442450944,0.0,18.0,False
3.3893509354326956,vehicle,veh-1,veh-1:accelerator,accelerator,1,0,0,0,0.18099637299999993,0.05340148495921192,1,29.942377181647295,,0,1073741824,"{""accelerator"":0,""cpu"":0,""encoder"":0}","{""accelerator"":8,""cpu"":8,""encoder"":8}",,,,,,,
3.3893509354326956,vehicle,veh-1,veh-1:cpu,cpu,1,0,0,0,0.02249999999999963,0.006638439166856945,1,29.942377181647295,,0,1073741824,"{""accelerator"":0,""cpu"":0,""encoder"":0}","{""accelerator"":8,""cpu"":8,""encoder"":8}",,,,,,,
3.3893509354326956,vehicle,veh-1,veh-1:encoder,encoder,1,0,0,0,0.014886920000000026,0.004392262791194123,1,29.942377181647295,,0,1073741824,"{""accelerator"":0,""cpu"":0,""encoder"":0}","{""accelerator"":8,""cpu"":8,""encoder"":8}",,,,,,,
3.3893509354326956,vehicle,veh-2,veh-2:accelerator,accelerator,1,0,0,0,0.17397377400000003,0.05132952512566834,1,24.013130470029658,,268435456,805306368,"{""accelerator"":1,""cpu"":0,""encoder"":0}","{""accelerator"":6,""cpu"":6,""encoder"":6}",,,,,,,
3.3893509354326956,vehicle,veh-2,veh-2:cpu,cpu,1,0,0,0,0.014999999999999902,0.004425626111238007,1,24.013130470029658,,268435456,805306368,"{""accelerator"":1,""cpu"":0,""encoder"":0}","{""accelerator"":6,""cpu"":6,""encoder"":6}",,,,,,,
3.3893509354326956,vehicle,veh-2,veh-2:encoder,encoder,1,0,0,0,0.014855599999999969,0.004383022083873842,1,24.013130470029658,,268435456,805306368,"{""accelerator"":1,""cpu"":0,""encoder"":0}","{""accelerator"":6,""cpu"":6,""encoder"":6}",,,,,,,
3.3893509354326956,rsu,rsu-1,rsu-1:ingress,rsu_ingress_cpu,1,0,0,0,0.009000000000000119,0.002655375666742857,1,246.8779934291219,0.0,,,,,0,16,0,8589934592,0.0,30.0,False
3.3893509354326956,rsu,rsu-1,rsu-1:gpu,rsu_gpu,2,0,0,0,0.05880379400000013,0.00867478687220877,1,246.8779934291219,0.0,,,,,0,16,0,8589934592,0.0,30.0,False
3.3893509354326956,rsu,rsu-2,rsu-2:ingress,rsu_ingress_cpu,1,0,0,0,0.0,0.0,0,196.5823542550964,0.0,,,,,0,10,0,6442450944,0.0,18.0,False
3.3893509354326956,rsu,rsu-2,rsu-2:gpu,rsu_gpu,1,0,0,0,0.0,0.0,0,196.5823542550964,0.0,,,,,0,10,0,6442450944,0.0,18.0,False
3.389350935432696,vehicle,veh-1,veh-1:accelerator,accelerator,1,0,0,0,0.18099637299999993,0.05340148495921191,1,29.9423771816473,,0,1073741824,"{""accelerator"":0,""cpu"":0,""encoder"":0}","{""accelerator"":8,""cpu"":8,""encoder"":8}",,,,,,,
3.389350935432696,vehicle,veh-1,veh-1:cpu,cpu,1,0,0,0,0.02249999999999963,0.006638439166856944,1,29.9423771816473,,0,1073741824,"{""accelerator"":0,""cpu"":0,""encoder"":0}","{""accelerator"":8,""cpu"":8,""encoder"":8}",,,,,,,
3.389350935432696,vehicle,veh-1,veh-1:encoder,encoder,1,0,0,0,0.014886920000000026,0.004392262791194123,1,29.9423771816473,,0,1073741824,"{""accelerator"":0,""cpu"":0,""encoder"":0}","{""accelerator"":8,""cpu"":8,""encoder"":8}",,,,,,,
3.389350935432696,vehicle,veh-2,veh-2:accelerator,accelerator,1,0,0,0,0.17397377400000003,0.05132952512566833,1,24.01313047002966,,0,805306368,"{""accelerator"":0,""cpu"":0,""encoder"":0}","{""accelerator"":6,""cpu"":6,""encoder"":6}",,,,,,,
3.389350935432696,vehicle,veh-2,veh-2:cpu,cpu,1,0,0,0,0.014999999999999902,0.004425626111238007,1,24.01313047002966,,0,805306368,"{""accelerator"":0,""cpu"":0,""encoder"":0}","{""accelerator"":6,""cpu"":6,""encoder"":6}",,,,,,,
3.389350935432696,vehicle,veh-2,veh-2:encoder,encoder,1,0,0,0,0.014855599999999969,0.004383022083873841,1,24.01313047002966,,0,805306368,"{""accelerator"":0,""cpu"":0,""encoder"":0}","{""accelerator"":6,""cpu"":6,""encoder"":6}",,,,,,,
3.389350935432696,rsu,rsu-1,rsu-1:ingress,rsu_ingress_cpu,1,0,0,0,0.009000000000000119,0.0026553756667428564,1,246.87799342912191,0.0,,,,,0,16,0,8589934592,0.0,30.0,False
3.389350935432696,rsu,rsu-1,rsu-1:gpu,rsu_gpu,2,0,0,0,0.05880379400000013,0.008674786872208769,1,246.87799342912191,0.0,,,,,0,16,0,8589934592,0.0,30.0,False
3.389350935432696,rsu,rsu-2,rsu-2:ingress,rsu_ingress_cpu,1,0,0,0,0.0,0.0,0,196.58235425509642,0.0,,,,,0,10,0,6442450944,0.0,18.0,False
3.389350935432696,rsu,rsu-2,rsu-2:gpu,rsu_gpu,1,0,0,0,0.0,0.0,0,196.58235425509642,0.0,,,,,0,10,0,6442450944,0.0,18.0,False
3.5,vehicle,veh-1,veh-1:accelerator,accelerator,1,0,0,0,0.18099637299999993,0.05171324942857141,1,30.82756969818573,,0,1073741824,"{""accelerator"":0,""cpu"":0,""encoder"":0}","{""accelerator"":8,""cpu"":8,""encoder"":8}",,,,,,,
3.5,vehicle,veh-1,veh-1:cpu,cpu,1,0,0,0,0.02249999999999963,0.0064285714285713235,1,30.82756969818573,,0,1073741824,"{""accelerator"":0,""cpu"":0,""encoder"":0}","{""accelerator"":8,""cpu"":8,""encoder"":8}",,,,,,,
3.5,vehicle,veh-1,veh-1:encoder,encoder,1,0,0,0,0.014886920000000026,0.004253405714285722,1,30.82756969818573,,0,1073741824,"{""accelerator"":0,""cpu"":0,""encoder"":0}","{""accelerator"":8,""cpu"":8,""encoder"":8}",,,,,,,
3.5,vehicle,veh-2,veh-2:accelerator,accelerator,1,0,0,0,0.17397377400000003,0.04970679257142858,1,24.732349389717136,,0,805306368,"{""accelerator"":0,""cpu"":0,""encoder"":0}","{""accelerator"":6,""cpu"":6,""encoder"":6}",,,,,,,
3.5,vehicle,veh-2,veh-2:cpu,cpu,1,0,0,0,0.014999999999999902,0.004285714285714258,1,24.732349389717136,,0,805306368,"{""accelerator"":0,""cpu"":0,""encoder"":0}","{""accelerator"":6,""cpu"":6,""encoder"":6}",,,,,,,
3.5,vehicle,veh-2,veh-2:encoder,encoder,1,0,0,0,0.014855599999999969,0.004244457142857134,1,24.732349389717136,,0,805306368,"{""accelerator"":0,""cpu"":0,""encoder"":0}","{""accelerator"":6,""cpu"":6,""encoder"":6}",,,,,,,
3.5,rsu,rsu-1,rsu-1:ingress,rsu_ingress_cpu,1,0,0,0,0.009000000000000119,0.0025714285714286056,1,254.8447260779678,0.0,,,,,0,16,0,8589934592,0.0,30.0,False
3.5,rsu,rsu-1,rsu-1:gpu,rsu_gpu,2,0,0,0,0.05880379400000013,0.00840054200000002,1,254.8447260779678,0.0,,,,,0,16,0,8589934592,0.0,30.0,False
3.5,rsu,rsu-2,rsu-2:ingress,rsu_ingress_cpu,1,0,0,0,0.0,0.0,0,203.00000000000006,0.0,,,,,0,10,0,6442450944,0.0,18.0,False
3.5,rsu,rsu-2,rsu-2:gpu,rsu_gpu,1,0,0,0,0.0,0.0,0,203.00000000000006,0.0,,,,,0,10,0,6442450944,0.0,18.0,False
3.6,vehicle,veh-1,veh-1:accelerator,accelerator,1,0,0,0,0.18099637299999993,0.05027677027777776,1,31.62756969818573,,0,1073741824,"{""accelerator"":0,""cpu"":0,""encoder"":0}","{""accelerator"":8,""cpu"":8,""encoder"":8}",,,,,,,
3.6,vehicle,veh-1,veh-1:cpu,cpu,1,0,0,0,0.02249999999999963,0.006249999999999897,1,31.62756969818573,,0,1073741824,"{""accelerator"":0,""cpu"":0,""encoder"":0}","{""accelerator"":8,""cpu"":8,""encoder"":8}",,,,,,,
3.6,vehicle,veh-1,veh-1:encoder,encoder,1,0,0,0,0.014886920000000026,0.0041352555555555625,1,31.62756969818573,,0,1073741824,"{""accelerator"":0,""cpu"":0,""encoder"":0}","{""accelerator"":8,""cpu"":8,""encoder"":8}",,,,,,,
3.6,vehicle,veh-2,veh-2:accelerator,accelerator,1,0,0,0,0.17397377400000003,0.04832604833333334,1,25.382349389717138,,0,805306368,"{""accelerator"":0,""cpu"":0,""encoder"":0}","{""accelerator"":6,""cpu"":6,""encoder"":6}",,,,,,,
3.6,vehicle,veh-2,veh-2:cpu,cpu,1,0,0,0,0.014999999999999902,0.00416666666666664,1,25.382349389717138,,0,805306368,"{""accelerator"":0,""cpu"":0,""encoder"":0}","{""accelerator"":6,""cpu"":6,""encoder"":6}",,,,,,,
3.6,vehicle,veh-2,veh-2:encoder,encoder,1,0,0,0,0.014855599999999969,0.0041265555555555465,1,25.382349389717138,,0,805306368,"{""accelerator"":0,""cpu"":0,""encoder"":0}","{""accelerator"":6,""cpu"":6,""encoder"":6}",,,,,,,
3.6,rsu,rsu-1,rsu-1:ingress,rsu_ingress_cpu,1,0,0,0,0.009000000000000119,0.002500000000000033,1,262.0447260779678,0.0,,,,,0,16,0,8589934592,0.0,30.0,False
3.6,rsu,rsu-1,rsu-1:gpu,rsu_gpu,2,0,0,0,0.05880379400000013,0.008167193611111128,1,262.0447260779678,0.0,,,,,0,16,0,8589934592,0.0,30.0,False
3.6,rsu,rsu-2,rsu-2:ingress,rsu_ingress_cpu,1,0,0,0,0.0,0.0,0,208.80000000000007,0.0,,,,,0,10,0,6442450944,0.0,18.0,False
3.6,rsu,rsu-2,rsu-2:gpu,rsu_gpu,1,0,0,0,0.0,0.0,0,208.80000000000007,0.0,,,,,0,10,0,6442450944,0.0,18.0,False
3.75,vehicle,veh-1,veh-1:accelerator,accelerator,1,0,0,0,0.18099637299999993,0.04826569946666665,1,32.82756969818573,,0,1073741824,"{""accelerator"":0,""cpu"":0,""encoder"":0}","{""accelerator"":8,""cpu"":8,""encoder"":8}",,,,,,,
3.75,vehicle,veh-1,veh-1:cpu,cpu,1,0,0,0,0.02249999999999963,0.005999999999999902,1,32.82756969818573,,0,1073741824,"{""accelerator"":0,""cpu"":0,""encoder"":0}","{""accelerator"":8,""cpu"":8,""encoder"":8}",,,,,,,
3.75,vehicle,veh-1,veh-1:encoder,encoder,1,0,0,0,0.014886920000000026,0.003969845333333341,1,32.82756969818573,,0,1073741824,"{""accelerator"":0,""cpu"":0,""encoder"":0}","{""accelerator"":8,""cpu"":8,""encoder"":8}",,,,,,,
3.75,vehicle,veh-2,veh-2:accelerator,accelerator,1,0,0,0,0.17397377400000003,0.046393006400000006,1,26.357349389717136,,0,805306368,"{""accelerator"":0,""cpu"":0,""encoder"":0}","{""accelerator"":6,""cpu"":6,""encoder"":6}",,,,,,,
3.75,vehicle,veh-2,veh-2:cpu,cpu,1,0,0,0,0.014999999999999902,0.003999999999999974,1,26.357349389717136,,0,805306368,"{""accelerator"":0,""cpu"":0,""encoder"":0}","{""accelerator"":6,""cpu"":6,""encoder"":6}",,,,,,,
3.75,vehicle,veh-2,veh-2:encoder,encoder,1,0,0,0,0.014855599999999969,0.003961493333333325,1,26.357349389717136,,0,805306368,"{""accelerator"":0,""cpu"":0,""encoder"":0}","{""accelerator"":6,""cpu"":6,""encoder"":6}",,,,,,,
3.75,rsu,rsu-1,rsu-1:ingress,rsu_ingress_cpu,1,0,0,0,0.009000000000000119,0.002400000000000032,1,272.84472607796783,0.0,,,,,0,16,0,8589934592,0.0,30.0,False
3.75,rsu,rsu-1,rsu-1:gpu,rsu_gpu,2,0,0,0,0.05880379400000013,0.007840505866666684,1,272.84472607796783,0.0,,,,,0,16,0,8589934592,0.0,30.0,False
3.75,rsu,rsu-2,rsu-2:ingress,rsu_ingress_cpu,1,0,0,0,0.0,0.0,0,217.50000000000006,0.0,,,,,0,10,0,6442450944,0.0,18.0,False
3.75,rsu,rsu-2,rsu-2:gpu,rsu_gpu,1,0,0,0,0.0,0.0,0,217.50000000000006,0.0,,,,,0,10,0,6442450944,0.0,18.0,False
3.79,vehicle,veh-1,veh-1:accelerator,accelerator,1,0,0,0,0.18099637299999993,0.04775629894459101,1,33.14756969818573,,0,1073741824,"{""accelerator"":0,""cpu"":0,""encoder"":0}","{""accelerator"":8,""cpu"":8,""encoder"":8}",,,,,,,
3.79,vehicle,veh-1,veh-1:cpu,cpu,1,0,0,0,0.02249999999999963,0.005936675461741327,1,33.14756969818573,,0,1073741824,"{""accelerator"":0,""cpu"":0,""encoder"":0}","{""accelerator"":8,""cpu"":8,""encoder"":8}",,,,,,,
3.79,vehicle,veh-1,veh-1:encoder,encoder,1,0,0,0,0.014886920000000026,0.003927947229551458,1,33.14756969818573,,0,1073741824,"{""accelerator"":0,""cpu"":0,""encoder"":0}","{""accelerator"":8,""cpu"":8,""encoder"":8}",,,,,,,
3.79,vehicle,veh-2,veh-2:accelerator,accelerator,1,0,0,0,0.17397377400000003,0.04590337044854882,1,26.617349389717138,,0,805306368,"{""accelerator"":0,""cpu"":0,""encoder"":0}","{""accelerator"":6,""cpu"":6,""encoder"":6}",,,,,,,
3.79,vehicle,veh-2,veh-2:cpu,cpu,1,0,0,0,0.014999999999999902,0.003957783641160924,1,26.617349389717138,,0,805306368,"{""accelerator"":0,""cpu"":0,""encoder"":0}","{""accelerator"":6,""cpu"":6,""encoder"":6}",,,,,,,
3.79,vehicle,veh-2,veh-2:encoder,encoder,1,0,0,0,0.014855599999999969,0.003919683377308699,1,26.617349389717138,,0,805306368,"{""accelerator"":0,""cpu"":0,""encoder"":0}","{""accelerator"":6,""cpu"":6,""encoder"":6}",,,,,,,
3.79,rsu,rsu-1,rsu-1:ingress,rsu_ingress_cpu,1,0,0,0,0.009000000000000119,0.0023746701846966015,1,275.72472607796783,0.0,,,,,0,16,0,8589934592,0.0,30.0,False
3.79,rsu,rsu-1,rsu-1:gpu,rsu_gpu,2,0,0,0,0.05880379400000013,0.007757756464379964,1,275.72472607796783,0.0,,,,,0,16,0,8589934592,0.0,30.0,False
3.79,rsu,rsu-2,rsu-2:ingress,rsu_ingress_cpu,1,0,0,0,0.0,0.0,0,219.82000000000005,0.0,,,,,0,10,0,6442450944,0.0,18.0,False
3.79,rsu,rsu-2,rsu-2:gpu,rsu_gpu,1,0,0,0,0.0,0.0,0,219.82000000000005,0.0,,,,,0,10,0,6442450944,0.0,18.0,False
4.0,vehicle,veh-1,veh-1:accelerator,accelerator,1,0,0,0,0.18099637299999993,0.04524909324999998,1,34.82756969818573,,0,1073741824,"{""accelerator"":0,""cpu"":0,""encoder"":0}","{""accelerator"":8,""cpu"":8,""encoder"":8}",,,,,,,
4.0,vehicle,veh-1,veh-1:cpu,cpu,1,0,0,0,0.02249999999999963,0.005624999999999908,1,34.82756969818573,,0,1073741824,"{""accelerator"":0,""cpu"":0,""encoder"":0}","{""accelerator"":8,""cpu"":8,""encoder"":8}",,,,,,,
4.0,vehicle,veh-1,veh-1:encoder,encoder,1,0,0,0,0.014886920000000026,0.0037217300000000064,1,34.82756969818573,,0,1073741824,"{""accelerator"":0,""cpu"":0,""encoder"":0}","{""accelerator"":8,""cpu"":8,""encoder"":8}",,,,,,,
4.0,vehicle,veh-2,veh-2:accelerator,accelerator,1,0,0,0,0.17397377400000003,0.043493443500000006,1,27.982349389717136,,0,805306368,"{""accelerator"":0,""cpu"":0,""encoder"":0}","{""accelerator"":6,""cpu"":6,""encoder"":6}",,,,,,,
4.0,vehicle,veh-2,veh-2:cpu,cpu,1,0,0,0,0.014999999999999902,0.0037499999999999756,1,27.982349389717136,,0,805306368,"{""accelerator"":0,""cpu"":0,""encoder"":0}","{""accelerator"":6,""cpu"":6,""encoder"":6}",,,,,,,
4.0,vehicle,veh-2,veh-2:encoder,encoder,1,0,0,0,0.014855599999999969,0.003713899999999992,1,27.982349389717136,,0,805306368,"{""accelerator"":0,""cpu"":0,""encoder"":0}","{""accelerator"":6,""cpu"":6,""encoder"":6}",,,,,,,
4.0,rsu,rsu-1,rsu-1:ingress,rsu_ingress_cpu,1,0,0,0,0.009000000000000119,0.0022500000000000298,1,290.84472607796783,0.0,,,,,0,16,0,8589934592,0.0,30.0,False
4.0,rsu,rsu-1,rsu-1:gpu,rsu_gpu,2,0,0,0,0.05880379400000013,0.007350474250000016,1,290.84472607796783,0.0,,,,,0,16,0,8589934592,0.0,30.0,False
4.0,rsu,rsu-2,rsu-2:ingress,rsu_ingress_cpu,1,0,0,0,0.0,0.0,0,232.00000000000006,0.0,,,,,0,10,0,6442450944,0.0,18.0,False
4.0,rsu,rsu-2,rsu-2:gpu,rsu_gpu,1,0,0,0,0.0,0.0,0,232.00000000000006,0.0,,,,,0,10,0,6442450944,0.0,18.0,False
4.02058408,vehicle,veh-1,veh-1:accelerator,accelerator,1,0,1,0.024021078,0.18099637299999993,0.04501743264127931,1,34.992242338185726,,67108864,1073741824,"{""accelerator"":1,""cpu"":0,""encoder"":0}","{""accelerator"":8,""cpu"":8,""encoder"":8}",,,,,,,
4.02058408,vehicle,veh-1,veh-1:cpu,cpu,1,0,0,0,0.02249999999999963,0.005596201833440984,1,34.992242338185726,,67108864,1073741824,"{""accelerator"":1,""cpu"":0,""encoder"":0}","{""accelerator"":8,""cpu"":8,""encoder"":8}",,,,,,,
4.02058408,vehicle,veh-1,veh-1:encoder,encoder,1,0,0,0,0.014886920000000026,0.0037026759554795894,1,34.992242338185726,,67108864,1073741824,"{""accelerator"":1,""cpu"":0,""encoder"":0}","{""accelerator"":8,""cpu"":8,""encoder"":8}",,,,,,,
4.02058408,vehicle,veh-2,veh-2:accelerator,accelerator,1,0,0,0,0.17397377400000003,0.04327077124575393,1,28.116145909717137,,0,805306368,"{""accelerator"":0,""cpu"":0,""encoder"":0}","{""accelerator"":6,""cpu"":6,""encoder"":6}",,,,,,,
4.02058408,vehicle,veh-2,veh-2:cpu,cpu,1,0,0,0,0.014999999999999902,0.0037308012222940262,1,28.116145909717137,,0,805306368,"{""accelerator"":0,""cpu"":0,""encoder"":0}","{""accelerator"":6,""cpu"":6,""encoder"":6}",,,,,,,
4.02058408,vehicle,veh-2,veh-2:encoder,encoder,1,0,0,0,0.014855599999999969,0.0036948860425274252,1,28.116145909717137,,0,805306368,"{""accelerator"":0,""cpu"":0,""encoder"":0}","{""accelerator"":6,""cpu"":6,""encoder"":6}",,,,,,,
4.02058408,rsu,rsu-1,rsu-1:ingress,rsu_ingress_cpu,1,0,0,0,0.009000000000000119,0.00223848073337646,1,292.3267798379678,0.0,,,,,0,16,0,8589934592,0.0,30.0,False
4.02058408,rsu,rsu-1,rsu-1:gpu,rsu_gpu,2,0,0,0,0.05880379400000013,0.007312842217690935,1,292.3267798379678,0.0,,,,,0,16,0,8589934592,0.0,30.0,False
4.02058408,rsu,rsu-2,rsu-2:ingress,rsu_ingress_cpu,1,0,0,0,0.0,0.0,0,233.19387664000004,0.0,,,,,0,10,0,6442450944,0.0,18.0,False
4.02058408,rsu,rsu-2,rsu-2:gpu,rsu_gpu,1,0,0,0,0.0,0.0,0,233.19387664000004,0.0,,,,,0,10,0,6442450944,0.0,18.0,False
4.04,vehicle,veh-1,veh-1:accelerator,accelerator,1,0,1,0.004605157999999859,0.20041229300000007,0.0496070032178218,1,35.367940387275894,,67108864,1073741824,"{""accelerator"":1,""cpu"":0,""encoder"":0}","{""accelerator"":8,""cpu"":8,""encoder"":8}",,,,,,,
4.04,vehicle,veh-1,veh-1:cpu,cpu,1,0,0,0,0.02249999999999963,0.005569306930692978,1,35.367940387275894,,67108864,1073741824,"{""accelerator"":1,""cpu"":0,""encoder"":0}","{""accelerator"":8,""cpu"":8,""encoder"":8}",,,,,,,
4.04,vehicle,veh-1,veh-1:encoder,encoder,1,0,0,0,0.014886920000000026,0.0036848811881188184,1,35.367940387275894,,67108864,1073741824,"{""accelerator"":1,""cpu"":0,""encoder"":0}","{""accelerator"":8,""cpu"":8,""encoder"":8}",,,,,,,
4.04,vehicle,veh-2,veh-2:accelerator,accelerator,1,0,0,0,0.17397377400000003,0.04306281534653466,1,28.242349389717138,,0,805306368,"{""accelerator"":0,""cpu"":0,""encoder"":0}","{""accelerator"":6,""cpu"":6,""encoder"":6}",,,,,,,
4.04,vehicle,veh-2,veh-2:cpu,cpu,1,0,0,0,0.014999999999999902,0.003712871287128689,1,28.242349389717138,,0,805306368,"{""accelerator"":0,""cpu"":0,""encoder"":0}","{""accelerator"":6,""cpu"":6,""encoder"":6}",,,,,,,
4.04,vehicle,veh-2,veh-2:encoder,encoder,1,0,0,0,0.014855599999999969,0.0036771287128712794,1,28.242349389717138,,0,805306368,"{""accelerator"":0,""cpu"":0,""encoder"":0}","{""accelerator"":6,""cpu"":6,""encoder"":6}",,,,,,,
4.04,rsu,rsu-1,rsu-1:ingress,rsu_ingress_cpu,1,0,0,0,0.009000000000000119,0.002227722772277257,1,293.72472607796783,0.0,,,,,0,16,0,8589934592,0.0,30.0,False
4.04,rsu,rsu-1,rsu-1:gpu,rsu_gpu,2,0,0,0,0.05880379400000013,0.007277697277227739,1,293.72472607796783,0.0,,,,,0,16,0,8589934592,0.0,30.0,False
4.04,rsu,rsu-2,rsu-2:ingress,rsu_ingress_cpu,1,0,0,0,0.0,0.0,0,234.32000000000005,0.0,,,,,0,10,0,6442450944,0.0,18.0,False
4.04,rsu,rsu-2,rsu-2:gpu,rsu_gpu,1,0,0,0,0.0,0.0,0,234.32000000000005,0.0,,,,,0,10,0,6442450944,0.0,18.0,False
4.0446051579999995,vehicle,veh-1,veh-1:accelerator,accelerator,1,0,0,0,0.20501745099999957,0.05068911376787588,1,35.46105019388572,,268435456,1073741824,"{""accelerator"":1,""cpu"":1,""encoder"":1}","{""accelerator"":8,""cpu"":8,""encoder"":8}",,,,,,,
4.0446051579999995,vehicle,veh-1,veh-1:cpu,cpu,1,0,0,0,0.02249999999999963,0.005562965758349961,1,35.46105019388572,,268435456,1073741824,"{""accelerator"":1,""cpu"":1,""encoder"":1}","{""accelerator"":8,""cpu"":8,""encoder"":8}",,,,,,,
4.0446051579999995,vehicle,veh-1,veh-1:encoder,encoder,1,0,0,0,0.014886920000000026,0.003680685609213187,1,35.46105019388572,,268435456,1073741824,"{""accelerator"":1,""cpu"":1,""encoder"":1}","{""accelerator"":8,""cpu"":8,""encoder"":8}",,,,,,,
4.0446051579999995,vehicle,veh-2,veh-2:accelerator,accelerator,1,0,0,0,0.17397377400000003,0.04301378433835248,1,28.272282916717135,,0,805306368,"{""accelerator"":0,""cpu"":0,""encoder"":0}","{""accelerator"":6,""cpu"":6,""encoder"":6}",,,,,,,
4.0446051579999995,vehicle,veh-2,veh-2:cpu,cpu,1,0,0,0,0.014999999999999902,0.003708643838900011,1,28.272282916717135,,0,805306368,"{""accelerator"":0,""cpu"":0,""encoder"":0}","{""accelerator"":6,""cpu"":6,""encoder"":6}",,,,,,,
4.0446051579999995,vehicle,veh-2,veh-2:encoder,encoder,1,0,0,0,0.014855599999999969,0.0036729419608775493,1,28.272282916717135,,0,805306368,"{""accelerator"":0,""cpu"":0,""encoder"":0}","{""accelerator"":6,""cpu"":6,""encoder"":6}",,,,,,,
4.0446051579999995,rsu,rsu-1,rsu-1:ingress,rsu_ingress_cpu,1,0,0,0,0.009000000000000119,0.0022251863033400502,1,294.0562974539678,0.0,,,,,0,16,0,8589934592,0.0,30.0,False
4.0446051579999995,rsu,rsu-1,rsu-1:gpu,rsu_gpu,2,0,0,0,0.05880379400000013,0.007269410944068244,1,294.0562974539678,0.0,,,,,0,16,0,8589934592,0.0,30.0,False
4.0446051579999995,rsu,rsu-2,rsu-2:ingress,rsu_ingress_cpu,1,0,0,0,0.0,0.0,0,234.58709916400002,0.0,,,,,0,10,0,6442450944,0.0,18.0,False
4.0446051579999995,rsu,rsu-2,rsu-2:gpu,rsu_gpu,1,0,0,0,0.0,0.0,0,234.58709916400002,0.0,,,,,0,10,0,6442450944,0.0,18.0,False
4.0454051579999994,vehicle,veh-1,veh-1:accelerator,accelerator,1,0,1,0.037180445,0.20501745099999957,0.050679089730868335,1,35.46757019388572,,268435456,1073741824,"{""accelerator"":1,""cpu"":1,""encoder"":1}","{""accelerator"":8,""cpu"":8,""encoder"":8}",,,,,,,
4.0454051579999994,vehicle,veh-1,veh-1:cpu,cpu,1,0,0,0,0.02249999999999963,0.0055618656528147025,1,35.46757019388572,,268435456,1073741824,"{""accelerator"":1,""cpu"":1,""encoder"":1}","{""accelerator"":8,""cpu"":8,""encoder"":8}",,,,,,,
4.0454051579999994,vehicle,veh-1,veh-1:encoder,encoder,1,0,0,0,0.014886920000000026,0.0036799577344089666,1,35.46757019388572,,268435456,1073741824,"{""accelerator"":1,""cpu"":1,""encoder"":1}","{""accelerator"":8,""cpu"":8,""encoder"":8}",,,,,,,
4.0454051579999994,vehicle,veh-2,veh-2:accelerator,accelerator,1,0,0,0,0.17397377400000003,0.04300527813782949,1,28.277482916717133,,0,805306368,"{""accelerator"":0,""cpu"":0,""encoder"":0}","{""accelerator"":6,""cpu"":6,""encoder"":6}",,,,,,,
4.0454051579999994,vehicle,veh-2,veh-2:cpu,cpu,1,0,0,0,0.014999999999999902,0.0037079104352098382,1,28.277482916717133,,0,805306368,"{""accelerator"":0,""cpu"":0,""encoder"":0}","{""accelerator"":6,""cpu"":6,""encoder"":6}",,,,,,,
4.0454051579999994,vehicle,veh-2,veh-2:encoder,encoder,1,0,0,0,0.014855599999999969,0.0036722156174202342,1,28.277482916717133,,0,805306368,"{""accelerator"":0,""cpu"":0,""encoder"":0}","{""accelerator"":6,""cpu"":6,""encoder"":6}",,,,,,,
4.0454051579999994,rsu,rsu-1,rsu-1:ingress,rsu_ingress_cpu,1,0,0,0,0.009000000000000119,0.002224746261125947,1,294.11389745396775,0.0,,,,,0,16,0,8589934592,0.0,30.0,False
4.0454051579999994,rsu,rsu-1,rsu-1:gpu,rsu_gpu,2,0,0,0,0.05880379400000013,0.007267973380084386,1,294.11389745396775,0.0,,,,,0,16,0,8589934592,0.0,30.0,False
4.0454051579999994,rsu,rsu-2,rsu-2:ingress,rsu_ingress_cpu,1,0,0,0,0.0,0.0,0,234.63349916400003,0.0,,,,,0,10,0,6442450944,0.0,18.0,False
4.0454051579999994,rsu,rsu-2,rsu-2:gpu,rsu_gpu,1,0,0,0,0.0,0.0,0,234.63349916400003,0.0,,,,,0,10,0,6442450944,0.0,18.0,False
4.082585602999999,vehicle,veh-1,veh-1:accelerator,accelerator,1,0,0,0,0.2421978959999993,0.0593246338354854,1,36.235346381635715,,268435456,1073741824,"{""accelerator"":1,""cpu"":1,""encoder"":1}","{""accelerator"":8,""cpu"":8,""encoder"":8}",,,,,,,
4.082585602999999,vehicle,veh-1,veh-1:cpu,cpu,1,0,1,0.0075,0.02249999999999963,0.005511213281961803,1,36.235346381635715,,268435456,1073741824,"{""accelerator"":1,""cpu"":1,""encoder"":1}","{""accelerator"":8,""cpu"":8,""encoder"":8}",,,,,,,
4.082585602999999,vehicle,veh-1,veh-1:encoder,encoder,1,0,0,0,0.014886920000000026,0.0036464440547335237,1,36.235346381635715,,268435456,1073741824,"{""accelerator"":1,""cpu"":1,""encoder"":1}","{""accelerator"":8,""cpu"":8,""encoder"":8}",,,,,,,
4.082585602999999,vehicle,veh-2,veh-2:accelerator,accelerator,1,0,0,0,0.17397377400000003,0.04261362551030386,1,28.519155809217132,,0,805306368,"{""accelerator"":0,""cpu"":0,""encoder"":0}","{""accelerator"":6,""cpu"":6,""encoder"":6}",,,,,,,
4.082585602999999,vehicle,veh-2,veh-2:cpu,cpu,1,0,0,0,0.014999999999999902,0.0036741421879745717,1,28.519155809217132,,0,805306368,"{""accelerator"":0,""cpu"":0,""encoder"":0}","{""accelerator"":6,""cpu"":6,""encoder"":6}",,,,,,,
4.082585602999999,vehicle,veh-2,veh-2:encoder,encoder,1,0,0,0,0.014855599999999969,0.003638772445845019,1,28.519155809217132,,0,805306368,"{""accelerator"":0,""cpu"":0,""encoder"":0}","{""accelerator"":6,""cpu"":6,""encoder"":6}",,,,,,,
4.082585602999999,rsu,rsu-1,rsu-1:ingress,rsu_ingress_cpu,1,0,0,0,0.009000000000000119,0.0022044853127847863,1,296.7908894939677,0.0,,,,,0,16,0,8589934592,0.0,30.0,False
4.082585602999999,rsu,rsu-1,rsu-1:gpu,rsu_gpu,2,0,0,0,0.05880379400000013,0.007201783344945595,1,296.7908894939677,0.0,,,,,0,16,0,8589934592,0.0,30.0,False
4.082585602999999,rsu,rsu-2,rsu-2:ingress,rsu_ingress_cpu,1,0,0,0,0.0,0.0,0,236.78996497400001,0.0,,,,,0,10,0,6442450944,0.0,18.0,False
4.082585602999999,rsu,rsu-2,rsu-2:gpu,rsu_gpu,1,0,0,0,0.0,0.0,0,236.78996497400001,0.0,,,,,0,10,0,6442450944,0.0,18.0,False
4.0900856029999995,vehicle,veh-1,veh-1:accelerator,accelerator,1,0,0,0,0.2421978959999993,0.05921585010894437,1,36.34147138163572,,268435456,1073741824,"{""accelerator"":1,""cpu"":1,""encoder"":1}","{""accelerator"":8,""cpu"":8,""encoder"":8}",,,,,,,
4.0900856029999995,vehicle,veh-1,veh-1:cpu,cpu,1,0,0,0,0.029999999999999916,0.0073348098088694014,1,36.34147138163572,,268435456,1073741824,"{""accelerator"":1,""cpu"":1,""encoder"":1}","{""accelerator"":8,""cpu"":8,""encoder"":8}",,,,,,,
4.0900856029999995,vehicle,veh-1,veh-1:encoder,encoder,1,0,1,0.0074278,0.014886920000000026,0.0036397575613284854,1,36.34147138163572,,268435456,1073741824,"{""accelerator"":1,""cpu"":1,""encoder"":1}","{""accelerator"":8,""cpu"":8,""encoder"":8}",,,,,,,
4.0900856029999995,vehicle,veh-2,veh-2:accelerator,accelerator,1,0,0,0,0.17397377400000003,0.04253548480070774,1,28.567905809217134,,0,805306368,"{""accelerator"":0,""cpu"":0,""encoder"":0}","{""accelerator"":6,""cpu"":6,""encoder"":6}",,,,,,,
4.0900856029999995,vehicle,veh-2,veh-2:cpu,cpu,1,0,0,0,0.014999999999999902,0.003667404904434687,1,28.567905809217134,,0,805306368,"{""accelerator"":0,""cpu"":0,""encoder"":0}","{""accelerator"":6,""cpu"":6,""encoder"":6}",,,,,,,
4.0900856029999995,vehicle,veh-2,veh-2:encoder,encoder,1,0,0,0,0.014855599999999969,0.003632100019888012,1,28.567905809217134,,0,805306368,"{""accelerator"":0,""cpu"":0,""encoder"":0}","{""accelerator"":6,""cpu"":6,""encoder"":6}",,,,,,,
4.0900856029999995,rsu,rsu-1,rsu-1:ingress,rsu_ingress_cpu,1,0,0,0,0.009000000000000119,0.0022004429426608556,1,297.33088949396773,0.0,,,,,0,16,0,8589934592,0.0,30.0,False
4.0900856029999995,rsu,rsu-1,rsu-1:gpu,rsu_gpu,2,0,0,0,0.05880379400000013,0.00718857741716563,1,297.33088949396773,0.0,,,,,0,16,0,8589934592,0.0,30.0,False
4.0900856029999995,rsu,rsu-2,rsu-2:ingress,rsu_ingress_cpu,1,0,0,0,0.0,0.0,0,237.22496497400005,0.0,,,,,0,10,0,6442450944,0.0,18.0,False
4.0900856029999995,rsu,rsu-2,rsu-2:gpu,rsu_gpu,1,0,0,0,0.0,0.0,0,237.22496497400005,0.0,,,,,0,10,0,6442450944,0.0,18.0,False
4.097513403,vehicle,veh-1,veh-1:accelerator,accelerator,1,0,0,0,0.2421978959999993,0.05910850610584307,1,36.44814695163572,,268435456,1073741824,"{""accelerator"":1,""cpu"":0,""encoder"":0}","{""accelerator"":8,""cpu"":8,""encoder"":8}",,,,,,,
4.097513403,vehicle,veh-1,veh-1:cpu,cpu,1,0,0,0,0.029999999999999916,0.007321513574070405,1,36.44814695163572,,268435456,1073741824,"{""accelerator"":1,""cpu"":0,""encoder"":0}","{""accelerator"":8,""cpu"":8,""encoder"":8}",,,,,,,
4.097513403,vehicle,veh-1,veh-1:encoder,encoder,1,0,0,0,0.022314720000000343,0.005445917512719444,1,36.44814695163572,,268435456,1073741824,"{""accelerator"":1,""cpu"":0,""encoder"":0}","{""accelerator"":8,""cpu"":8,""encoder"":8}",,,,,,,
4.097513403,vehicle,veh-2,veh-2:accelerator,accelerator,1,0,0,0,0.17397377400000003,0.042458378262442024,1,28.616186509217137,,0,805306368,"{""accelerator"":0,""cpu"":0,""encoder"":0}","{""accelerator"":6,""cpu"":6,""encoder"":6}",,,,,,,
4.097513403,vehicle,veh-2,veh-2:cpu,cpu,1,0,0,0,0.014999999999999902,0.003660756787035189,1,28.616186509217137,,0,805306368,"{""accelerator"":0,""cpu"":0,""encoder"":0}","{""accelerator"":6,""cpu"":6,""encoder"":6}",,,,,,,
4.097513403,vehicle,veh-2,veh-2:encoder,encoder,1,0,0,0,0.014855599999999969,0.0036255159016986794,1,28.616186509217137,,0,805306368,"{""accelerator"":0,""cpu"":0,""encoder"":0}","{""accelerator"":6,""cpu"":6,""encoder"":6}",,,,,,,
4.097513403,rsu,rsu-1,rsu-1:ingress,rsu_ingress_cpu,1,0,0,0,0.009000000000000119,0.0021964540722211566,1,297.86569109396777,0.0,,,,,0,16,0,8589934592,0.0,30.0,False
4.097513403,rsu,rsu-1,rsu-1:gpu,rsu_gpu,2,0,0,0,0.05880379400000013,0.007175546266297367,1,297.86569109396777,0.0,,,,,0,16,0,8589934592,0.0,30.0,False
4.097513403,rsu,rsu-2,rsu-2:ingress,rsu_ingress_cpu,1,0,0,0,0.0,0.0,0,237.65577737400005,0.0,,,,,0,10,0,6442450944,0.0,18.0,False
4.097513403,rsu,rsu-2,rsu-2:gpu,rsu_gpu,1,0,0,0,0.0,0.0,0,237.65577737400005,0.0,,,,,0,10,0,6442450944,0.0,18.0,False
4.098313403,vehicle,veh-1,veh-1:accelerator,accelerator,1,0,0,0,0.2421978959999993,0.05909696799242059,1,36.45466695163572,,268435456,1073741824,"{""accelerator"":1,""cpu"":0,""encoder"":0}","{""accelerator"":8,""cpu"":8,""encoder"":8}",,,,,,,
4.098313403,vehicle,veh-1,veh-1:cpu,cpu,1,0,0,0,0.029999999999999916,0.007320084398142823,1,36.45466695163572,,268435456,1073741824,"{""accelerator"":1,""cpu"":0,""encoder"":0}","{""accelerator"":8,""cpu"":8,""encoder"":8}",,,,,,,
4.098313403,vehicle,veh-1,veh-1:encoder,encoder,1,0,0,0,0.022314720000000343,0.005444854457364286,1,36.45466695163572,,268435456,1073741824,"{""accelerator"":1,""cpu"":0,""encoder"":0}","{""accelerator"":8,""cpu"":8,""encoder"":8}",,,,,,,
4.098313403,vehicle,veh-2,veh-2:accelerator,accelerator,1,0,0,0,0.17397377400000003,0.04245009029144764,1,28.621386509217135,,0,805306368,"{""accelerator"":0,""cpu"":0,""encoder"":0}","{""accelerator"":6,""cpu"":6,""encoder"":6}",,,,,,,
4.098313403,vehicle,veh-2,veh-2:cpu,cpu,1,0,0,0,0.014999999999999902,0.003660042199071398,1,28.621386509217135,,0,805306368,"{""accelerator"":0,""cpu"":0,""encoder"":0}","{""accelerator"":6,""cpu"":6,""encoder"":6}",,,,,,,
4.098313403,vehicle,veh-2,veh-2:encoder,encoder,1,0,0,0,0.014855599999999969,0.00362480819283502,1,28.621386509217135,,0,805306368,"{""accelerator"":0,""cpu"":0,""encoder"":0}","{""accelerator"":6,""cpu"":6,""encoder"":6}",,,,,,,
4.098313403,rsu,rsu-1,rsu-1:ingress,rsu_ingress_cpu,1,0,0,0,0.009000000000000119,0.002196025319442882,1,297.92329109396775,0.0,,,,,0,16,0,8589934592,0.0,30.0,False
4.098313403,rsu,rsu-1,rsu-1:gpu,rsu_gpu,2,0,0,0,0.05880379400000013,0.007174145583516778,1,297.92329109396775,0.0,,,,,0,16,0,8589934592,0.0,30.0,False
4.098313403,rsu,rsu-2,rsu-2:ingress,rsu_ingress_cpu,1,0,0,0,0.0,0.0,0,237.70217737400006,0.0,,,,,0,10,0,6442450944,0.0,18.0,False
4.098313403,rsu,rsu-2,rsu-2:gpu,rsu_gpu,1,0,0,0,0.0,0.0,0,237.70217737400006,0.0,,,,,0,10,0,6442450944,0.0,18.0,False
4.157988356081776,vehicle,veh-1,veh-1:accelerator,accelerator,1,0,0,0,0.2421978959999993,0.05824881535460364,1,37.137945164422064,,268435456,1073741824,"{""accelerator"":1,""cpu"":0,""encoder"":0}","{""accelerator"":8,""cpu"":8,""encoder"":8}",,,,,,,
4.157988356081776,vehicle,veh-1,veh-1:cpu,cpu,1,0,0,0,0.029999999999999916,0.007215027419718416,1,37.137945164422064,,268435456,1073741824,"{""accelerator"":1,""cpu"":0,""encoder"":0}","{""accelerator"":8,""cpu"":8,""encoder"":8}",,,,,,,
4.157988356081776,vehicle,veh-1,veh-1:encoder,encoder,1,0,0,0,0.022314720000000343,0.005366710555444729,1,37.137945164422064,,268435456,1073741824,"{""accelerator"":1,""cpu"":0,""encoder"":0}","{""accelerator"":8,""cpu"":8,""encoder"":8}",,,,,,,
4.157988356081776,vehicle,veh-2,veh-2:accelerator,accelerator,1,0,0,0,0.17397377400000003,0.04184085165739662,1,29.00927370424868,,0,805306368,"{""accelerator"":0,""cpu"":0,""encoder"":0}","{""accelerator"":6,""cpu"":6,""encoder"":6}",,,,,,,
4.157988356081776,vehicle,veh-2,veh-2:cpu,cpu,1,0,0,0,0.014999999999999902,0.0036075137098591946,1,29.00927370424868,,0,805306368,"{""accelerator"":0,""cpu"":0,""encoder"":0}","{""accelerator"":6,""cpu"":6,""encoder"":6}",,,,,,,
4.157988356081776,vehicle,veh-2,veh-2:encoder,encoder,1,0,0,0,0.014855599999999969,0.003572785377878966,1,29.00927370424868,,0,805306368,"{""accelerator"":0,""cpu"":0,""encoder"":0}","{""accelerator"":6,""cpu"":6,""encoder"":6}",,,,,,,
4.157988356081776,rsu,rsu-1,rsu-1:ingress,rsu_ingress_cpu,1,0,0,0,0.009000000000000119,0.0021645082259155596,1,302.30044890251605,0.0,,,,,0,16,0,8589934592,0.0,30.0,False
4.157988356081776,rsu,rsu-1,rsu-1:gpu,rsu_gpu,2,0,0,0,0.05880379400000013,0.0070711831015579235,1,302.30044890251605,0.0,,,,,0,16,0,8589934592,0.0,30.0,False
4.157988356081776,rsu,rsu-2,rsu-2:ingress,rsu_ingress_cpu,1,0,0,0,0.0,0.0,0,241.16332465274309,0.0,,,,,0,10,0,6442450944,0.0,18.0,False
4.157988356081776,rsu,rsu-2,rsu-2:gpu,rsu_gpu,1,0,0,0,0.0,0.0,0,241.16332465274309,0.0,,,,,0,10,0,6442450944,0.0,18.0,False
4.157988356081777,vehicle,veh-1,veh-1:accelerator,accelerator,1,0,1,0.0374,0.2421978959999993,0.05824881535460363,1,37.13794516442207,,268435456,1073741824,"{""accelerator"":1,""cpu"":0,""encoder"":0}","{""accelerator"":8,""cpu"":8,""encoder"":8}",,,,,,,
4.157988356081777,vehicle,veh-1,veh-1:cpu,cpu,1,0,0,0,0.029999999999999916,0.007215027419718414,1,37.13794516442207,,268435456,1073741824,"{""accelerator"":1,""cpu"":0,""encoder"":0}","{""accelerator"":8,""cpu"":8,""encoder"":8}",,,,,,,
4.157988356081777,vehicle,veh-1,veh-1:encoder,encoder,1,0,0,0,0.022314720000000343,0.005366710555444728,1,37.13794516442207,,268435456,1073741824,"{""accelerator"":1,""cpu"":0,""encoder"":0}","{""accelerator"":8,""cpu"":8,""encoder"":8}",,,,,,,
4.157988356081777,vehicle,veh-2,veh-2:accelerator,accelerator,1,0,0,0,0.17397377400000003,0.04184085165739661,1,29.009273704248688,,0,805306368,"{""accelerator"":0,""cpu"":0,""encoder"":0}","{""accelerator"":6,""cpu"":6,""encoder"":6}",,,,,,,
4.157988356081777,vehicle,veh-2,veh-2:cpu,cpu,1,0,0,0,0.014999999999999902,0.003607513709859194,1,29.009273704248688,,0,805306368,"{""accelerator"":0,""cpu"":0,""encoder"":0}","{""accelerator"":6,""cpu"":6,""encoder"":6}",,,,,,,
4.157988356081777,vehicle,veh-2,veh-2:encoder,encoder,1,0,0,0,0.014855599999999969,0.0035727853778789653,1,29.009273704248688,,0,805306368,"{""accelerator"":0,""cpu"":0,""encoder"":0}","{""accelerator"":6,""cpu"":6,""encoder"":6}",,,,,,,
4.157988356081777,rsu,rsu-1,rsu-1:ingress,rsu_ingress_cpu,1,0,0,0,0.009000000000000119,0.002164508225915559,1,302.3004489025161,0.0,,,,,0,16,0,8589934592,0.0,30.0,False
4.157988356081777,rsu,rsu-1,rsu-1:gpu,rsu_gpu,2,0,0,0,0.05880379400000013,0.007071183101557922,1,302.3004489025161,0.0,,,,,0,16,0,8589934592,0.0,30.0,False
4.157988356081777,rsu,rsu-2,rsu-2:ingress,rsu_ingress_cpu,1,0,0,0,0.0,0.0,0,241.16332465274314,0.0,,,,,0,10,0,6442450944,0.0,18.0,False
4.157988356081777,rsu,rsu-2,rsu-2:gpu,rsu_gpu,1,0,0,0,0.0,0.0,0,241.16332465274314,0.0,,,,,0,10,0,6442450944,0.0,18.0,False
4.195388356081777,vehicle,veh-1,veh-1:accelerator,accelerator,1,0,0,0,0.2795978959999992,0.06664410354161483,1,37.884075164422065,,0,1073741824,"{""accelerator"":0,""cpu"":0,""encoder"":0}","{""accelerator"":8,""cpu"":8,""encoder"":8}",,,,,,,
4.195388356081777,vehicle,veh-1,veh-1:cpu,cpu,1,0,0,0,0.029999999999999916,0.007150708695778044,1,37.884075164422065,,0,1073741824,"{""accelerator"":0,""cpu"":0,""encoder"":0}","{""accelerator"":8,""cpu"":8,""encoder"":8}",,,,,,,
4.195388356081777,vehicle,veh-1,veh-1:encoder,encoder,1,0,0,0,0.022314720000000343,0.005318868744928504,1,37.884075164422065,,0,1073741824,"{""accelerator"":0,""cpu"":0,""encoder"":0}","{""accelerator"":8,""cpu"":8,""encoder"":8}",,,,,,,
4.195388356081777,vehicle,veh-2,veh-2:accelerator,accelerator,1,0,0,0,0.17397377400000003,0.04146785928597093,1,29.252373704248686,,0,805306368,"{""accelerator"":0,""cpu"":0,""encoder"":0}","{""accelerator"":6,""cpu"":6,""encoder"":6}",,,,,,,
4.195388356081777,vehicle,veh-2,veh-2:cpu,cpu,1,0,0,0,0.014999999999999902,0.003575354347889009,1,29.252373704248686,,0,805306368,"{""accelerator"":0,""cpu"":0,""encoder"":0}","{""accelerator"":6,""cpu"":6,""encoder"":6}",,,,,,,
4.195388356081777,vehicle,veh-2,veh-2:encoder,encoder,1,0,0,0,0.014855599999999969,0.00354093560336668,1,29.252373704248686,,0,805306368,"{""accelerator"":0,""cpu"":0,""encoder"":0}","{""accelerator"":6,""cpu"":6,""encoder"":6}",,,,,,,
4.195388356081777,rsu,rsu-1,rsu-1:ingress,rsu_ingress_cpu,1,0,0,0,0.009000000000000119,0.002145212608733448,1,304.9932489025161,0.0,,,,,0,16,0,8589934592,0.0,30.0,False
4.195388356081777,rsu,rsu-1,rsu-1:gpu,rsu_gpu,2,0,0,0,0.05880379400000013,0.0070081466850090484,1,304.9932489025161,0.0,,,,,0,16,0,8589934592,0.0,30.0,False
4.195388356081777,rsu,rsu-2,rsu-2:ingress,rsu_ingress_cpu,1,0,0,0,0.0,0.0,0,243.33252465274313,0.0,,,,,0,10,0,6442450944,0.0,18.0,False
4.195388356081777,rsu,rsu-2,rsu-2:gpu,rsu_gpu,1,0,0,0,0.0,0.0,0,243.33252465274313,0.0,,,,,0,10,0,6442450944,0.0,18.0,False
4.25,vehicle,veh-1,veh-1:accelerator,accelerator,1,0,0,0,0.2795978959999992,0.06578774023529392,1,38.32096831576785,,0,1073741824,"{""accelerator"":0,""cpu"":0,""encoder"":0}","{""accelerator"":8,""cpu"":8,""encoder"":8}",,,,,,,
4.25,vehicle,veh-1,veh-1:cpu,cpu,1,0,0,0,0.029999999999999916,0.007058823529411745,1,38.32096831576785,,0,1073741824,"{""accelerator"":0,""cpu"":0,""encoder"":0}","{""accelerator"":8,""cpu"":8,""encoder"":8}",,,,,,,
4.25,vehicle,veh-1,veh-1:encoder,encoder,1,0,0,0,0.022314720000000343,0.0052505223529412575,1,38.32096831576785,,0,1073741824,"{""accelerator"":0,""cpu"":0,""encoder"":0}","{""accelerator"":8,""cpu"":8,""encoder"":8}",,,,,,,
4.25,vehicle,veh-2,veh-2:accelerator,accelerator,1,0,0,0,0.17397377400000003,0.04093500564705883,1,29.607349389717136,,0,805306368,"{""accelerator"":0,""cpu"":0,""encoder"":0}","{""accelerator"":6,""cpu"":6,""encoder"":6}",,,,,,,
4.25,vehicle,veh-2,veh-2:cpu,cpu,1,0,0,0,0.014999999999999902,0.0035294117647058595,1,29.607349389717136,,0,805306368,"{""accelerator"":0,""cpu"":0,""encoder"":0}","{""accelerator"":6,""cpu"":6,""encoder"":6}",,,,,,,
4.25,vehicle,veh-2,veh-2:encoder,encoder,1,0,0,0,0.014855599999999969,0.00349543529411764,1,29.607349389717136,,0,805306368,"{""accelerator"":0,""cpu"":0,""encoder"":0}","{""accelerator"":6,""cpu"":6,""encoder"":6}",,,,,,,
4.25,rsu,rsu-1,rsu-1:ingress,rsu_ingress_cpu,1,0,0,0,0.009000000000000119,0.0021176470588235574,1,308.92528726462814,0.0,,,,,0,16,0,8589934592,0.0,30.0,False
4.25,rsu,rsu-1,rsu-1:gpu,rsu_gpu,2,0,0,0,0.05880379400000013,0.0069180934117647214,1,308.92528726462814,0.0,,,,,0,16,0,8589934592,0.0,30.0,False
4.25,rsu,rsu-2,rsu-2:ingress,rsu_ingress_cpu,1,0,0,0,0.0,0.0,0,246.50000000000009,0.0,,,,,0,10,0,6442450944,0.0,18.0,False
4.25,rsu,rsu-2,rsu-2:gpu,rsu_gpu,1,0,0,0,0.0,0.0,0,246.50000000000009,0.0,,,,,0,10,0,6442450944,0.0,18.0,False
4.29,vehicle,veh-1,veh-1:accelerator,accelerator,1,0,0,0,0.2795978959999992,0.06517433473193454,1,38.64096831576785,,0,1073741824,"{""accelerator"":0,""cpu"":0,""encoder"":0}","{""accelerator"":8,""cpu"":8,""encoder"":8}",,,,,,,
4.29,vehicle,veh-1,veh-1:cpu,cpu,1,0,0,0,0.029999999999999916,0.006993006993006973,1,38.64096831576785,,0,1073741824,"{""accelerator"":0,""cpu"":0,""encoder"":0}","{""accelerator"":8,""cpu"":8,""encoder"":8}",,,,,,,
4.29,vehicle,veh-1,veh-1:encoder,encoder,1,0,0,0,0.022314720000000343,0.005201566433566514,1,38.64096831576785,,0,1073741824,"{""accelerator"":0,""cpu"":0,""encoder"":0}","{""accelerator"":8,""cpu"":8,""encoder"":8}",,,,,,,
4.29,vehicle,veh-2,veh-2:accelerator,accelerator,1,0,0,0,0.17397377400000003,0.04055332727272728,1,29.867349389717138,,0,805306368,"{""accelerator"":0,""cpu"":0,""encoder"":0}","{""accelerator"":6,""cpu"":6,""encoder"":6}",,,,,,,
4.29,vehicle,veh-2,veh-2:cpu,cpu,1,0,0,0,0.014999999999999902,0.0034965034965034735,1,29.867349389717138,,0,805306368,"{""accelerator"":0,""cpu"":0,""encoder"":0}","{""accelerator"":6,""cpu"":6,""encoder"":6}",,,,,,,
4.29,vehicle,veh-2,veh-2:encoder,encoder,1,0,0,0,0.014855599999999969,0.0034628438228438154,1,29.867349389717138,,0,805306368,"{""accelerator"":0,""cpu"":0,""encoder"":0}","{""accelerator"":6,""cpu"":6,""encoder"":6}",,,,,,,
4.29,rsu,rsu-1,rsu-1:ingress,rsu_ingress_cpu,1,0,0,0,0.009000000000000119,0.0020979020979021257,1,311.80528726462813,0.0,,,,,0,16,0,8589934592,0.0,30.0,False
4.29,rsu,rsu-1,rsu-1:gpu,rsu_gpu,2,0,0,0,0.05880379400000013,0.00685358904428906,1,311.80528726462813,0.0,,,,,0,16,0,8589934592,0.0,30.0,False
4.29,rsu,rsu-2,rsu-2:ingress,rsu_ingress_cpu,1,0,0,0,0.0,0.0,0,248.82000000000008,0.0,,,,,0,10,0,6442450944,0.0,18.0,False
4.29,rsu,rsu-2,rsu-2:gpu,rsu_gpu,1,0,0,0,0.0,0.0,0,248.82000000000008,0.0,,,,,0,10,0,6442450944,0.0,18.0,False
4.32,vehicle,veh-1,veh-1:accelerator,accelerator,1,0,0,0,0.2795978959999992,0.064721735185185,1,38.88096831576785,,0,1073741824,"{""accelerator"":0,""cpu"":0,""encoder"":0}","{""accelerator"":8,""cpu"":8,""encoder"":8}",,,,,,,
4.32,vehicle,veh-1,veh-1:cpu,cpu,1,0,0,0,0.029999999999999916,0.006944444444444424,1,38.88096831576785,,0,1073741824,"{""accelerator"":0,""cpu"":0,""encoder"":0}","{""accelerator"":8,""cpu"":8,""encoder"":8}",,,,,,,
4.32,vehicle,veh-1,veh-1:encoder,encoder,1,0,0,0,0.022314720000000343,0.005165444444444524,1,38.88096831576785,,0,1073741824,"{""accelerator"":0,""cpu"":0,""encoder"":0}","{""accelerator"":8,""cpu"":8,""encoder"":8}",,,,,,,
4.32,vehicle,veh-2,veh-2:accelerator,accelerator,1,0,0,0,0.17397377400000003,0.04027170694444445,1,30.062349389717138,,0,805306368,"{""accelerator"":0,""cpu"":0,""encoder"":0}","{""accelerator"":6,""cpu"":6,""encoder"":6}",,,,,,,
4.32,vehicle,veh-2,veh-2:cpu,cpu,1,0,0,0,0.014999999999999902,0.0034722222222221995,1,30.062349389717138,,0,805306368,"{""accelerator"":0,""cpu"":0,""encoder"":0}","{""accelerator"":6,""cpu"":6,""encoder"":6}",,,,,,,
4.32,vehicle,veh-2,veh-2:encoder,encoder,1,0,0,0,0.014855599999999969,0.0034387962962962888,1,30.062349389717138,,0,805306368,"{""accelerator"":0,""cpu"":0,""encoder"":0}","{""accelerator"":6,""cpu"":6,""encoder"":6}",,,,,,,
4.32,rsu,rsu-1,rsu-1:ingress,rsu_ingress_cpu,1,0,0,0,0.009000000000000119,0.0020833333333333606,1,313.96528726462816,0.0,,,,,0,16,0,8589934592,0.0,30.0,False
4.32,rsu,rsu-1,rsu-1:gpu,rsu_gpu,2,0,0,0,0.05880379400000013,0.00680599467592594,1,313.96528726462816,0.0,,,,,0,16,0,8589934592,0.0,30.0,False
4.32,rsu,rsu-2,rsu-2:ingress,rsu_ingress_cpu,1,0,0,0,0.0,0.0,0,250.5600000000001,0.0,,,,,0,10,0,6442450944,0.0,18.0,False
4.32,rsu,rsu-2,rsu-2:gpu,rsu_gpu,1,0,0,0,0.0,0.0,0,250.5600000000001,0.0,,,,,0,10,0,6442450944,0.0,18.0,False
4.5,vehicle,veh-1,veh-1:accelerator,accelerator,1,0,0,0,0.2795978959999992,0.062132865777777595,1,40.32096831576785,,0,1073741824,"{""accelerator"":0,""cpu"":0,""encoder"":0}","{""accelerator"":8,""cpu"":8,""encoder"":8}",,,,,,,
4.5,vehicle,veh-1,veh-1:cpu,cpu,1,0,0,0,0.029999999999999916,0.006666666666666648,1,40.32096831576785,,0,1073741824,"{""accelerator"":0,""cpu"":0,""encoder"":0}","{""accelerator"":8,""cpu"":8,""encoder"":8}",,,,,,,
4.5,vehicle,veh-1,veh-1:encoder,encoder,1,0,0,0,0.022314720000000343,0.004958826666666743,1,40.32096831576785,,0,1073741824,"{""accelerator"":0,""cpu"":0,""encoder"":0}","{""accelerator"":8,""cpu"":8,""encoder"":8}",,,,,,,
4.5,vehicle,veh-2,veh-2:accelerator,accelerator,1,0,0,0,0.17397377400000003,0.03866083866666667,1,31.232349389717136,,0,805306368,"{""accelerator"":0,""cpu"":0,""encoder"":0}","{""accelerator"":6,""cpu"":6,""encoder"":6}",,,,,,,
4.5,vehicle,veh-2,veh-2:cpu,cpu,1,0,0,0,0.014999999999999902,0.0033333333333333114,1,31.232349389717136,,0,805306368,"{""accelerator"":0,""cpu"":0,""encoder"":0}","{""accelerator"":6,""cpu"":6,""encoder"":6}",,,,,,,
4.5,vehicle,veh-2,veh-2:encoder,encoder,1,0,0,0,0.014855599999999969,0.0033012444444444375,1,31.232349389717136,,0,805306368,"{""accelerator"":0,""cpu"":0,""encoder"":0}","{""accelerator"":6,""cpu"":6,""encoder"":6}",,,,,,,
4.5,rsu,rsu-1,rsu-1:ingress,rsu_ingress_cpu,1,0,0,0,0.009000000000000119,0.0020000000000000265,1,326.92528726462814,0.0,,,,,0,16,0,8589934592,0.0,30.0,False
4.5,rsu,rsu-1,rsu-1:gpu,rsu_gpu,2,0,0,0,0.05880379400000013,0.006533754888888904,1,326.92528726462814,0.0,,,,,0,16,0,8589934592,0.0,30.0,False
4.5,rsu,rsu-2,rsu-2:ingress,rsu_ingress_cpu,1,0,0,0,0.0,0.0,0,261.00000000000006,0.0,,,,,0,10,0,6442450944,0.0,18.0,False
4.5,rsu,rsu-2,rsu-2:gpu,rsu_gpu,1,0,0,0,0.0,0.0,0,261.00000000000006,0.0,,,,,0,10,0,6442450944,0.0,18.0,False
4.54,vehicle,veh-1,veh-1:accelerator,accelerator,1,0,0,0,0.2795978959999992,0.061585439647576914,1,40.64096831576785,,0,1073741824,"{""accelerator"":0,""cpu"":0,""encoder"":0}","{""accelerator"":8,""cpu"":8,""encoder"":8}",,,,,,,
4.54,vehicle,veh-1,veh-1:cpu,cpu,1,0,0,0,0.029999999999999916,0.006607929515418483,1,40.64096831576785,,0,1073741824,"{""accelerator"":0,""cpu"":0,""encoder"":0}","{""accelerator"":8,""cpu"":8,""encoder"":8}",,,,,,,
4.54,vehicle,veh-1,veh-1:encoder,encoder,1,0,0,0,0.022314720000000343,0.004915136563876728,1,40.64096831576785,,0,1073741824,"{""accelerator"":0,""cpu"":0,""encoder"":0}","{""accelerator"":8,""cpu"":8,""encoder"":8}",,,,,,,
4.54,vehicle,veh-2,veh-2:accelerator,accelerator,1,0,0,0,0.17397377400000003,0.03832021453744494,1,31.492349389717138,,0,805306368,"{""accelerator"":0,""cpu"":0,""encoder"":0}","{""accelerator"":6,""cpu"":6,""encoder"":6}",,,,,,,
4.54,vehicle,veh-2,veh-2:cpu,cpu,1,0,0,0,0.014999999999999902,0.0033039647577092295,1,31.492349389717138,,0,805306368,"{""accelerator"":0,""cpu"":0,""encoder"":0}","{""accelerator"":6,""cpu"":6,""encoder"":6}",,,,,,,
4.54,vehicle,veh-2,veh-2:encoder,encoder,1,0,0,0,0.014855599999999969,0.0032721585903083632,1,31.492349389717138,,0,805306368,"{""accelerator"":0,""cpu"":0,""encoder"":0}","{""accelerator"":6,""cpu"":6,""encoder"":6}",,,,,,,
4.54,rsu,rsu-1,rsu-1:ingress,rsu_ingress_cpu,1,0,0,0,0.009000000000000119,0.001982378854625577,1,329.80528726462813,0.0,,,,,0,16,0,8589934592,0.0,30.0,False
4.54,rsu,rsu-1,rsu-1:gpu,rsu_gpu,2,0,0,0,0.05880379400000013,0.006476188766519838,1,329.80528726462813,0.0,,,,,0,16,0,8589934592,0.0,30.0,False
4.54,rsu,rsu-2,rsu-2:ingress,rsu_ingress_cpu,1,0,0,0,0.0,0.0,0,263.32000000000005,0.0,,,,,0,10,0,6442450944,0.0,18.0,False
4.54,rsu,rsu-2,rsu-2:gpu,rsu_gpu,1,0,0,0,0.0,0.0,0,263.32000000000005,0.0,,,,,0,10,0,6442450944,0.0,18.0,False
4.75,vehicle,veh-1,veh-1:accelerator,accelerator,1,0,0,0,0.2795978959999992,0.05886271494736825,1,42.32096831576785,,0,1073741824,"{""accelerator"":0,""cpu"":0,""encoder"":0}","{""accelerator"":8,""cpu"":8,""encoder"":8}",,,,,,,
4.75,vehicle,veh-1,veh-1:cpu,cpu,1,0,0,0,0.029999999999999916,0.006315789473684193,1,42.32096831576785,,0,1073741824,"{""accelerator"":0,""cpu"":0,""encoder"":0}","{""accelerator"":8,""cpu"":8,""encoder"":8}",,,,,,,
4.75,vehicle,veh-1,veh-1:encoder,encoder,1,0,0,0,0.022314720000000343,0.004697835789473756,1,42.32096831576785,,0,1073741824,"{""accelerator"":0,""cpu"":0,""encoder"":0}","{""accelerator"":8,""cpu"":8,""encoder"":8}",,,,,,,
4.75,vehicle,veh-2,veh-2:accelerator,accelerator,1,0,0,0,0.17397377400000003,0.03662605768421053,1,32.857349389717136,,0,805306368,"{""accelerator"":0,""cpu"":0,""encoder"":0}","{""accelerator"":6,""cpu"":6,""encoder"":6}",,,,,,,
4.75,vehicle,veh-2,veh-2:cpu,cpu,1,0,0,0,0.014999999999999902,0.003157894736842085,1,32.857349389717136,,0,805306368,"{""accelerator"":0,""cpu"":0,""encoder"":0}","{""accelerator"":6,""cpu"":6,""encoder"":6}",,,,,,,
4.75,vehicle,veh-2,veh-2:encoder,encoder,1,0,0,0,0.014855599999999969,0.003127494736842099,1,32.857349389717136,,0,805306368,"{""accelerator"":0,""cpu"":0,""encoder"":0}","{""accelerator"":6,""cpu"":6,""encoder"":6}",,,,,,,
4.75,rsu,rsu-1,rsu-1:ingress,rsu_ingress_cpu,1,0,0,0,0.009000000000000119,0.0018947368421052882,1,344.92528726462814,0.0,,,,,0,16,0,8589934592,0.0,30.0,False
4.75,rsu,rsu-1,rsu-1:gpu,rsu_gpu,2,0,0,0,0.05880379400000013,0.006189873052631593,1,344.92528726462814,0.0,,,,,0,16,0,8589934592,0.0,30.0,False
4.75,rsu,rsu-2,rsu-2:ingress,rsu_ingress_cpu,1,0,0,0,0.0,0.0,0,275.50000000000006,0.0,,,,,0,10,0,6442450944,0.0,18.0,False
4.75,rsu,rsu-2,rsu-2:gpu,rsu_gpu,1,0,0,0,0.0,0.0,0,275.50000000000006,0.0,,,,,0,10,0,6442450944,0.0,18.0,False
4.777144733,vehicle,veh-1,veh-1:accelerator,accelerator,1,0,0,0,0.2795978959999992,0.05852824472086163,1,42.53812617976785,,0,1073741824,"{""accelerator"":0,""cpu"":0,""encoder"":0}","{""accelerator"":8,""cpu"":8,""encoder"":8}",,,,,,,
4.777144733,vehicle,veh-1,veh-1:cpu,cpu,1,0,0,0,0.029999999999999916,0.006279901840269388,1,42.53812617976785,,0,1073741824,"{""accelerator"":0,""cpu"":0,""encoder"":0}","{""accelerator"":8,""cpu"":8,""encoder"":8}",,,,,,,
4.777144733,vehicle,veh-1,veh-1:encoder,encoder,1,0,0,0,0.022314720000000343,0.004671141706436622,1,42.53812617976785,,0,1073741824,"{""accelerator"":0,""cpu"":0,""encoder"":0}","{""accelerator"":8,""cpu"":8,""encoder"":8}",,,,,,,
4.777144733,vehicle,veh-2,veh-2:accelerator,accelerator,1,0,1,0.0409648,0.17397377400000003,0.0364179407833738,1,33.03379015421714,,67108864,805306368,"{""accelerator"":1,""cpu"":0,""encoder"":0}","{""accelerator"":6,""cpu"":6,""encoder"":6}",,,,,,,
4.777144733,vehicle,veh-2,veh-2:cpu,cpu,1,0,0,0,0.014999999999999902,0.0031399509201346823,1,33.03379015421714,,67108864,805306368,"{""accelerator"":1,""cpu"":0,""encoder"":0}","{""accelerator"":6,""cpu"":6,""encoder"":6}",,,,,,,
4.777144733,vehicle,veh-2,veh-2:encoder,encoder,1,0,0,0,0.014855599999999969,0.003109723659276866,1,33.03379015421714,,67108864,805306368,"{""accelerator"":1,""cpu"":0,""encoder"":0}","{""accelerator"":6,""cpu"":6,""encoder"":6}",,,,,,,
4.777144733,rsu,rsu-1,rsu-1:ingress,rsu_ingress_cpu,1,0,0,0,0.009000000000000119,0.0018839705520808468,1,346.87970804062815,0.0,,,,,0,16,0,8589934592,0.0,30.0,False
4.777144733,rsu,rsu-1,rsu-1:gpu,rsu_gpu,2,0,0,0,0.05880379400000013,0.006154700902590398,1,346.87970804062815,0.0,,,,,0,16,0,8589934592,0.0,30.0,False
4.777144733,rsu,rsu-2,rsu-2:ingress,rsu_ingress_cpu,1,0,0,0,0.0,0.0,0,277.07439451400006,0.0,,,,,0,10,0,6442450944,0.0,18.0,False
4.777144733,rsu,rsu-2,rsu-2:gpu,rsu_gpu,1,0,0,0,0.0,0.0,0,277.07439451400006,0.0,,,,,0,10,0,6442450944,0.0,18.0,False
4.79,vehicle,veh-1,veh-1:accelerator,accelerator,1,0,0,0,0.2795978959999992,0.05837116826722321,1,42.64096831576785,,0,1073741824,"{""accelerator"":0,""cpu"":0,""encoder"":0}","{""accelerator"":8,""cpu"":8,""encoder"":8}",,,,,,,
4.79,vehicle,veh-1,veh-1:cpu,cpu,1,0,0,0,0.029999999999999916,0.006263048016701443,1,42.64096831576785,,0,1073741824,"{""accelerator"":0,""cpu"":0,""encoder"":0}","{""accelerator"":8,""cpu"":8,""encoder"":8}",,,,,,,
4.79,vehicle,veh-1,veh-1:encoder,encoder,1,0,0,0,0.022314720000000343,0.00465860542797502,1,42.64096831576785,,0,1073741824,"{""accelerator"":0,""cpu"":0,""encoder"":0}","{""accelerator"":8,""cpu"":8,""encoder"":8}",,,,,,,
4.79,vehicle,veh-2,veh-2:accelerator,accelerator,1,0,1,0.03196611310000004,0.18682904099999997,0.03900397515657619,1,33.18548230525647,,67108864,805306368,"{""accelerator"":1,""cpu"":0,""encoder"":0}","{""accelerator"":6,""cpu"":6,""encoder"":6}",,,,,,,
4.79,vehicle,veh-2,veh-2:cpu,cpu,1,0,0,0,0.014999999999999902,0.0031315240083507104,1,33.18548230525647,,67108864,805306368,"{""accelerator"":1,""cpu"":0,""encoder"":0}","{""accelerator"":6,""cpu"":6,""encoder"":6}",,,,,,,
4.79,vehicle,veh-2,veh-2:encoder,encoder,1,0,0,0,0.014855599999999969,0.003101377870563668,1,33.18548230525647,,67108864,805306368,"{""accelerator"":1,""cpu"":0,""encoder"":0}","{""accelerator"":6,""cpu"":6,""encoder"":6}",,,,,,,
4.79,rsu,rsu-1,rsu-1:ingress,rsu_ingress_cpu,1,0,0,0,0.009000000000000119,0.0018789144050104633,1,347.80528726462813,0.0,,,,,0,16,0,8589934592,0.0,30.0,False
4.79,rsu,rsu-1,rsu-1:gpu,rsu_gpu,2,0,0,0,0.05880379400000013,0.006138183089770368,1,347.80528726462813,0.0,,,,,0,16,0,8589934592,0.0,30.0,False
4.79,rsu,rsu-2,rsu-2:ingress,rsu_ingress_cpu,1,0,0,0,0.0,0.0,0,277.82000000000005,0.0,,,,,0,10,0,6442450944,0.0,18.0,False
4.79,rsu,rsu-2,rsu-2:gpu,rsu_gpu,1,0,0,0,0.0,0.0,0,277.82000000000005,0.0,,,,,0,10,0,6442450944,0.0,18.0,False
4.8,vehicle,veh-1,veh-1:accelerator,accelerator,1,0,0,0,0.2795978959999992,0.0582495616666665,1,42.72096831576785,,0,1073741824,"{""accelerator"":0,""cpu"":0,""encoder"":0}","{""accelerator"":8,""cpu"":8,""encoder"":8}",,,,,,,
4.8,vehicle,veh-1,veh-1:cpu,cpu,1,0,0,0,0.029999999999999916,0.006249999999999983,1,42.72096831576785,,0,1073741824,"{""accelerator"":0,""cpu"":0,""encoder"":0}","{""accelerator"":8,""cpu"":8,""encoder"":8}",,,,,,,
4.8,vehicle,veh-1,veh-1:encoder,encoder,1,0,0,0,0.022314720000000343,0.004648900000000072,1,42.72096831576785,,0,1073741824,"{""accelerator"":0,""cpu"":0,""encoder"":0}","{""accelerator"":8,""cpu"":8,""encoder"":8}",,,,,,,
4.8,vehicle,veh-2,veh-2:accelerator,accelerator,1,0,1,0.02496611310000019,0.19682904099999976,0.04100605020833328,1,33.30348230559822,,67108864,805306368,"{""accelerator"":1,""cpu"":0,""encoder"":0}","{""accelerator"":6,""cpu"":6,""encoder"":6}",,,,,,,
4.8,vehicle,veh-2,veh-2:cpu,cpu,1,0,0,0,0.014999999999999902,0.00312499999999998,1,33.30348230559822,,67108864,805306368,"{""accelerator"":1,""cpu"":0,""encoder"":0}","{""accelerator"":6,""cpu"":6,""encoder"":6}",,,,,,,
4.8,vehicle,veh-2,veh-2:encoder,encoder,1,0,0,0,0.014855599999999969,0.0030949166666666603,1,33.30348230559822,,67108864,805306368,"{""accelerator"":1,""cpu"":0,""encoder"":0}","{""accelerator"":6,""cpu"":6,""encoder"":6}",,,,,,,
4.8,rsu,rsu-1,rsu-1:ingress,rsu_ingress_cpu,1,0,0,0,0.009000000000000119,0.0018750000000000249,1,348.5252872646281,0.0,,,,,0,16,0,8589934592,0.0,30.0,False
4.8,rsu,rsu-1,rsu-1:gpu,rsu_gpu,2,0,0,0,0.05880379400000013,0.006125395208333348,1,348.5252872646281,0.0,,,,,0,16,0,8589934592,0.0,30.0,False
4.8,rsu,rsu-2,rsu-2:ingress,rsu_ingress_cpu,1,0,0,0,0.0,0.0,0,278.40000000000003,0.0,,,,,0,10,0,6442450944,0.0,18.0,False
4.8,rsu,rsu-2,rsu-2:gpu,rsu_gpu,1,0,0,0,0.0,0.0,0,278.40000000000003,0.0,,,,,0,10,0,6442450944,0.0,18.0,False
4.835665875857143,vehicle,veh-1,veh-1:accelerator,accelerator,1,0,0,0,0.2795978959999992,0.057819936938972076,1,43.00629532262499,,0,1073741824,"{""accelerator"":0,""cpu"":0,""encoder"":0}","{""accelerator"":8,""cpu"":8,""encoder"":8}",,,,,,,
4.835665875857143,vehicle,veh-1,veh-1:cpu,cpu,1,0,0,0,0.029999999999999916,0.006203902579328288,1,43.00629532262499,,0,1073741824,"{""accelerator"":0,""cpu"":0,""encoder"":0}","{""accelerator"":8,""cpu"":8,""encoder"":8}",,,,,,,
4.835665875857143,vehicle,veh-1,veh-1:encoder,encoder,1,0,0,0,0.022314720000000343,0.004614611632166369,1,43.00629532262499,,0,1073741824,"{""accelerator"":0,""cpu"":0,""encoder"":0}","{""accelerator"":8,""cpu"":8,""encoder"":8}",,,,,,,
4.835665875857143,vehicle,veh-2,veh-2:accelerator,accelerator,1,0,0,0,0.23249491685714285,0.048079193812358284,1,33.72833964193141,,268435456,805306368,"{""accelerator"":1,""cpu"":1,""encoder"":1}","{""accelerator"":6,""cpu"":6,""encoder"":6}",,,,,,,
4.835665875857143,vehicle,veh-2,veh-2:cpu,cpu,1,0,0,0,0.014999999999999902,0.003101951289664133,1,33.72833964193141,,268435456,805306368,"{""accelerator"":1,""cpu"":1,""encoder"":1}","{""accelerator"":6,""cpu"":6,""encoder"":6}",,,,,,,
4.835665875857143,vehicle,veh-2,veh-2:encoder,encoder,1,0,0,0,0.014855599999999969,0.003072089838582313,1,33.72833964193141,,268435456,805306368,"{""accelerator"":1,""cpu"":1,""encoder"":1}","{""accelerator"":6,""cpu"":6,""encoder"":6}",,,,,,,
4.835665875857143,rsu,rsu-1,rsu-1:ingress,rsu_ingress_cpu,1,0,0,0,0.009000000000000119,0.0018611707737985165,1,351.0932303263424,0.0,,,,,0,16,0,8589934592,0.0,30.0,False
4.835665875857143,rsu,rsu-1,rsu-1:gpu,rsu_gpu,2,0,0,0,0.05880379400000013,0.00608021682118152,1,351.0932303263424,0.0,,,,,0,16,0,8589934592,0.0,30.0,False
4.835665875857143,rsu,rsu-2,rsu-2:ingress,rsu_ingress_cpu,1,0,0,0,0.0,0.0,0,280.46862079971436,0.0,,,,,0,10,0,6442450944,0.0,18.0,False
4.835665875857143,rsu,rsu-2,rsu-2:gpu,rsu_gpu,1,0,0,0,0.0,0.0,0,280.46862079971436,0.0,,,,,0,10,0,6442450944,0.0,18.0,False
4.836465875857143,vehicle,veh-1,veh-1:accelerator,accelerator,1,0,0,0,0.2795978959999992,0.057810372941057384,1,43.01269532262499,,0,1073741824,"{""accelerator"":0,""cpu"":0,""encoder"":0}","{""accelerator"":8,""cpu"":8,""encoder"":8}",,,,,,,
4.836465875857143,vehicle,veh-1,veh-1:cpu,cpu,1,0,0,0,0.029999999999999916,0.006202876391572423,1,43.01269532262499,,0,1073741824,"{""accelerator"":0,""cpu"":0,""encoder"":0}","{""accelerator"":8,""cpu"":8,""encoder"":8}",,,,,,,
4.836465875857143,vehicle,veh-1,veh-1:encoder,encoder,1,0,0,0,0.022314720000000343,0.00461384832908505,1,43.01269532262499,,0,1073741824,"{""accelerator"":0,""cpu"":0,""encoder"":0}","{""accelerator"":8,""cpu"":8,""encoder"":8}",,,,,,,
4.836465875857143,vehicle,veh-2,veh-2:accelerator,accelerator,1,0,1,0.042092169,0.23249491685714285,0.04807124103112563,1,33.733635641931414,,268435456,805306368,"{""accelerator"":1,""cpu"":1,""encoder"":1}","{""accelerator"":6,""cpu"":6,""encoder"":6}",,,,,,,
4.836465875857143,vehicle,veh-2,veh-2:cpu,cpu,1,0,0,0,0.014999999999999902,0.0031014381957862004,1,33.733635641931414,,268435456,805306368,"{""accelerator"":1,""cpu"":1,""encoder"":1}","{""accelerator"":6,""cpu"":6,""encoder"":6}",,,,,,,
4.836465875857143,vehicle,veh-2,veh-2:encoder,encoder,1,0,0,0,0.014855599999999969,0.003071581684088112,1,33.733635641931414,,268435456,805306368,"{""accelerator"":1,""cpu"":1,""encoder"":1}","{""accelerator"":6,""cpu"":6,""encoder"":6}",,,,,,,
4.836465875857143,rsu,rsu-1,rsu-1:ingress,rsu_ingress_cpu,1,0,0,0,0.009000000000000119,0.001860862917471757,1,351.1508303263424,0.0,,,,,0,16,0,8589934592,0.0,30.0,False
4.836465875857143,rsu,rsu-1,rsu-1:gpu,rsu_gpu,2,0,0,0,0.05880379400000013,0.006079211092291499,1,351.1508303263424,0.0,,,,,0,16,0,8589934592,0.0,30.0,False
4.836465875857143,rsu,rsu-2,rsu-2:ingress,rsu_ingress_cpu,1,0,0,0,0.0,0.0,0,280.51502079971436,0.0,,,,,0,10,0,6442450944,0.0,18.0,False
4.836465875857143,rsu,rsu-2,rsu-2:gpu,rsu_gpu,1,0,0,0,0.0,0.0,0,280.51502079971436,0.0,,,,,0,10,0,6442450944,0.0,18.0,False
4.8965975458571425,vehicle,veh-1,veh-1:accelerator,accelerator,1,0,0,0,0.2795978959999992,0.0571004444170745,1,43.49374868262499,,0,1073741824,"{""accelerator"":0,""cpu"":0,""encoder"":0}","{""accelerator"":8,""cpu"":8,""encoder"":8}",,,,,,,
4.8965975458571425,vehicle,veh-1,veh-1:cpu,cpu,1,0,0,0,0.029999999999999916,0.006126703229956477,1,43.49374868262499,,0,1073741824,"{""accelerator"":0,""cpu"":0,""encoder"":0}","{""accelerator"":8,""cpu"":8,""encoder"":8}",,,,,,,
4.8965975458571425,vehicle,veh-1,veh-1:encoder,encoder,1,0,0,0,0.022314720000000343,0.0045571889033192295,1,43.49374868262499,,0,1073741824,"{""accelerator"":0,""cpu"":0,""encoder"":0}","{""accelerator"":8,""cpu"":8,""encoder"":8}",,,,,,,
4.8965975458571425,vehicle,veh-2,veh-2:accelerator,accelerator,1,0,0,0,0.2926265868571425,0.059761208495626654,1,34.489490732331404,,268435456,805306368,"{""accelerator"":1,""cpu"":1,""encoder"":1}","{""accelerator"":6,""cpu"":6,""encoder"":6}",,,,,,,
4.8965975458571425,vehicle,veh-2,veh-2:cpu,cpu,1,0,1,0.0075,0.014999999999999902,0.0030633516149782274,1,34.489490732331404,,268435456,805306368,"{""accelerator"":1,""cpu"":1,""encoder"":1}","{""accelerator"":6,""cpu"":6,""encoder"":6}",,,,,,,
4.8965975458571425,vehicle,veh-2,veh-2:encoder,encoder,1,0,0,0,0.014855599999999969,0.00303386175009805,1,34.489490732331404,,268435456,805306368,"{""accelerator"":1,""cpu"":1,""encoder"":1}","{""accelerator"":6,""cpu"":6,""encoder"":6}",,,,,,,
4.8965975458571425,rsu,rsu-1,rsu-1:ingress,rsu_ingress_cpu,1,0,0,0,0.009000000000000119,0.0018380109689869726,1,355.4803105663423,0.0,,,,,0,16,0,8589934592,0.0,30.0,False
4.8965975458571425,rsu,rsu-1,rsu-1:gpu,rsu_gpu,2,0,0,0,0.05880379400000013,0.006004556577224952,1,355.4803105663423,0.0,,,,,0,16,0,8589934592,0.0,30.0,False
4.8965975458571425,rsu,rsu-2,rsu-2:ingress,rsu_ingress_cpu,1,0,0,0,0.0,0.0,0,284.0026576597143,0.0,,,,,0,10,0,6442450944,0.0,18.0,False
4.8965975458571425,rsu,rsu-2,rsu-2:gpu,rsu_gpu,1,0,0,0,0.0,0.0,0,284.0026576597143,0.0,,,,,0,10,0,6442450944,0.0,18.0,False
4.907311831571429,vehicle,veh-1,veh-1:accelerator,accelerator,1,0,0,0,0.2795978959999992,0.056975775250554195,1,43.57946296833928,,0,1073741824,"{""accelerator"":0,""cpu"":0,""encoder"":0}","{""accelerator"":8,""cpu"":8,""encoder"":8}",,,,,,,
4.907311831571429,vehicle,veh-1,veh-1:cpu,cpu,1,0,0,0,0.029999999999999916,0.0061133266092840205,1,43.57946296833928,,0,1073741824,"{""accelerator"":0,""cpu"":0,""encoder"":0}","{""accelerator"":8,""cpu"":8,""encoder"":8}",,,,,,,
4.907311831571429,vehicle,veh-1,veh-1:encoder,encoder,1,0,0,0,0.022314720000000343,0.004547239051824159,1,43.57946296833928,,0,1073741824,"{""accelerator"":0,""cpu"":0,""encoder"":0}","{""accelerator"":8,""cpu"":8,""encoder"":8}",,,,,,,
4.907311831571429,vehicle,veh-2,veh-2:accelerator,accelerator,1,0,0,0,0.2926265868571425,0.059630730000591194,1,34.60541930375998,,268435456,805306368,"{""accelerator"":1,""cpu"":1,""encoder"":1}","{""accelerator"":6,""cpu"":6,""encoder"":6}",,,,,,,
4.907311831571429,vehicle,veh-2,veh-2:cpu,cpu,1,0,0,0,0.025714285714286023,0.005239994236529238,1,34.60541930375998,,268435456,805306368,"{""accelerator"":1,""cpu"":1,""encoder"":1}","{""accelerator"":6,""cpu"":6,""encoder"":6}",,,,,,,
4.907311831571429,vehicle,veh-2,veh-2:encoder,encoder,1,0,1,0.00737912,0.014855599999999969,0.0030272378258959917,1,34.60541930375998,,268435456,805306368,"{""accelerator"":1,""cpu"":1,""encoder"":1}","{""accelerator"":6,""cpu"":6,""encoder"":6}",,,,,,,
4.907311831571429,rsu,rsu-1,rsu-1:ingress,rsu_ingress_cpu,1,0,0,0,0.009000000000000119,0.0018339979827852353,1,356.2517391377709,0.0,,,,,0,16,0,8589934592,0.0,30.0,False
4.907311831571429,rsu,rsu-1,rsu-1:gpu,rsu_gpu,2,0,0,0,0.05880379400000013,0.00599144664311763,1,356.2517391377709,0.0,,,,,0,16,0,8589934592,0.0,30.0,False
4.907311831571429,rsu,rsu-2,rsu-2:ingress,rsu_ingress_cpu,1,0,0,0,0.0,0.0,0,284.6240862311429,0.0,,,,,0,10,0,6442450944,0.0,18.0,False
4.907311831571429,rsu,rsu-2,rsu-2:gpu,rsu_gpu,1,0,0,0,0.0,0.0,0,284.6240862311429,0.0,,,,,0,10,0,6442450944,0.0,18.0,False
4.917853431571428,vehicle,veh-1,veh-1:accelerator,accelerator,1,0,0,0,0.2795978959999992,0.05685364557736682,1,43.66379576833928,,0,1073741824,"{""accelerator"":0,""cpu"":0,""encoder"":0}","{""accelerator"":8,""cpu"":8,""encoder"":8}",,,,,,,
4.917853431571428,vehicle,veh-1,veh-1:cpu,cpu,1,0,0,0,0.029999999999999916,0.006100222468487405,1,43.66379576833928,,0,1073741824,"{""accelerator"":0,""cpu"":0,""encoder"":0}","{""accelerator"":8,""cpu"":8,""encoder"":8}",,,,,,,
4.917853431571428,vehicle,veh-1,veh-1:encoder,encoder,1,0,0,0,0.022314720000000343,0.004537491877400259,1,43.66379576833928,,0,1073741824,"{""accelerator"":0,""cpu"":0,""encoder"":0}","{""accelerator"":8,""cpu"":8,""encoder"":8}",,,,,,,
4.917853431571428,vehicle,veh-2,veh-2:accelerator,accelerator,1,0,0,0,0.2926265868571425,0.059502909334090894,1,34.721100295759975,,268435456,805306368,"{""accelerator"":1,""cpu"":0,""encoder"":0}","{""accelerator"":6,""cpu"":6,""encoder"":6}",,,,,,,
4.917853431571428,vehicle,veh-2,veh-2:cpu,cpu,1,0,0,0,0.025714285714286023,0.005228762115846425,1,34.721100295759975,,268435456,805306368,"{""accelerator"":1,""cpu"":0,""encoder"":0}","{""accelerator"":6,""cpu"":6,""encoder"":6}",,,,,,,
4.917853431571428,vehicle,veh-2,veh-2:encoder,encoder,1,0,0,0,0.025397199999999787,0.005164285669222249,1,34.721100295759975,,268435456,805306368,"{""accelerator"":1,""cpu"":0,""encoder"":0}","{""accelerator"":6,""cpu"":6,""encoder"":6}",,,,,,,
4.917853431571428,rsu,rsu-1,rsu-1:ingress,rsu_ingress_cpu,1,0,0,0,0.009000000000000119,0.0018300667405462508,1,357.01073433777094,0.0,,,,,0,16,0,8589934592,0.0,30.0,False
4.917853431571428,rsu,rsu-1,rsu-1:gpu,rsu_gpu,2,0,0,0,0.05880379400000013,0.005978603756518445,1,357.01073433777094,0.0,,,,,0,16,0,8589934592,0.0,30.0,False
4.917853431571428,rsu,rsu-2,rsu-2:ingress,rsu_ingress_cpu,1,0,0,0,0.0,0.0,0,285.23549903114287,0.0,,,,,0,10,0,6442450944,0.0,18.0,False
4.917853431571428,rsu,rsu-2,rsu-2:gpu,rsu_gpu,1,0,0,0,0.0,0.0,0,285.23549903114287,0.0,,,,,0,10,0,6442450944,0.0,18.0,False
4.918653431571428,vehicle,veh-1,veh-1:accelerator,accelerator,1,0,0,0,0.2795978959999992,0.05684439855130681,1,43.670195768339276,,0,1073741824,"{""accelerator"":0,""cpu"":0,""encoder"":0}","{""accelerator"":8,""cpu"":8,""encoder"":8}",,,,,,,
4.918653431571428,vehicle,veh-1,veh-1:cpu,cpu,1,0,0,0,0.029999999999999916,0.00609923029084312,1,43.670195768339276,,0,1073741824,"{""accelerator"":0,""cpu"":0,""encoder"":0}","{""accelerator"":8,""cpu"":8,""encoder"":8}",,,,,,,
4.918653431571428,vehicle,veh-1,veh-1:encoder,encoder,1,0,0,0,0.022314720000000343,0.004536753871856176,1,43.670195768339276,,0,1073741824,"{""accelerator"":0,""cpu"":0,""encoder"":0}","{""accelerator"":8,""cpu"":8,""encoder"":8}",,,,,,,
4.918653431571428,vehicle,veh-2,veh-2:accelerator,accelerator,1,0,0,0,0.2926265868571425,0.05949323141550413,1,34.726396295759976,,268435456,805306368,"{""accelerator"":1,""cpu"":0,""encoder"":0}","{""accelerator"":6,""cpu"":6,""encoder"":6}",,,,,,,
4.918653431571428,vehicle,veh-2,veh-2:cpu,cpu,1,0,0,0,0.025714285714286023,0.005227911677865609,1,34.726396295759976,,268435456,805306368,"{""accelerator"":1,""cpu"":0,""encoder"":0}","{""accelerator"":6,""cpu"":6,""encoder"":6}",,,,,,,
4.918653431571428,vehicle,veh-2,veh-2:encoder,encoder,1,0,0,0,0.025397199999999787,0.005163445718086668,1,34.726396295759976,,268435456,805306368,"{""accelerator"":1,""cpu"":0,""encoder"":0}","{""accelerator"":6,""cpu"":6,""encoder"":6}",,,,,,,
4.918653431571428,rsu,rsu-1,rsu-1:ingress,rsu_ingress_cpu,1,0,0,0,0.009000000000000119,0.0018297690872529655,1,357.0683343377709,0.0,,,,,0,16,0,8589934592,0.0,30.0,False
4.918653431571428,rsu,rsu-1,rsu-1:gpu,rsu_gpu,2,0,0,0,0.05880379400000013,0.005977631359688346,1,357.0683343377709,0.0,,,,,0,16,0,8589934592,0.0,30.0,False
4.918653431571428,rsu,rsu-2,rsu-2:ingress,rsu_ingress_cpu,1,0,0,0,0.0,0.0,0,285.28189903114287,0.0,,,,,0,10,0,6442450944,0.0,18.0,False
4.918653431571428,rsu,rsu-2,rsu-2:gpu,rsu_gpu,1,0,0,0,0.0,0.0,0,285.28189903114287,0.0,,,,,0,10,0,6442450944,0.0,18.0,False
5.0,vehicle,veh-1,veh-1:accelerator,accelerator,1,0,0,0,0.2795978959999992,0.05591957919999983,1,44.32096831576785,,0,1073741824,"{""accelerator"":0,""cpu"":0,""encoder"":0}","{""accelerator"":8,""cpu"":8,""encoder"":8}",,,,,,,
5.0,vehicle,veh-1,veh-1:cpu,cpu,1,0,0,0,0.029999999999999916,0.005999999999999983,1,44.32096831576785,,0,1073741824,"{""accelerator"":0,""cpu"":0,""encoder"":0}","{""accelerator"":8,""cpu"":8,""encoder"":8}",,,,,,,
5.0,vehicle,veh-1,veh-1:encoder,encoder,1,0,0,0,0.022314720000000343,0.0044629440000000685,1,44.32096831576785,,0,1073741824,"{""accelerator"":0,""cpu"":0,""encoder"":0}","{""accelerator"":8,""cpu"":8,""encoder"":8}",,,,,,,
5.0,vehicle,veh-2,veh-2:accelerator,accelerator,1,0,0,0,0.2926265868571425,0.0585253173714285,1,35.53335425457141,,268435456,805306368,"{""accelerator"":1,""cpu"":0,""encoder"":0}","{""accelerator"":6,""cpu"":6,""encoder"":6}",,,,,,,
5.0,vehicle,veh-2,veh-2:cpu,cpu,1,0,0,0,0.025714285714286023,0.005142857142857204,1,35.53335425457141,,268435456,805306368,"{""accelerator"":1,""cpu"":0,""encoder"":0}","{""accelerator"":6,""cpu"":6,""encoder"":6}",,,,,,,
5.0,vehicle,veh-2,veh-2:encoder,encoder,1,0,0,0,0.025397199999999787,0.005079439999999958,1,35.53335425457141,,268435456,805306368,"{""accelerator"":1,""cpu"":0,""encoder"":0}","{""accelerator"":6,""cpu"":6,""encoder"":6}",,,,,,,
5.0,rsu,rsu-1,rsu-1:ingress,rsu_ingress_cpu,1,0,0,0,0.009000000000000119,0.0018000000000000238,1,362.9252872646281,0.0,,,,,0,16,0,8589934592,0.0,30.0,False
5.0,rsu,rsu-1,rsu-1:gpu,rsu_gpu,2,0,0,0,0.05880379400000013,0.005880379400000013,1,362.9252872646281,0.0,,,,,0,16,0,8589934592,0.0,30.0,False
5.0,rsu,rsu-2,rsu-2:ingress,rsu_ingress_cpu,1,0,0,0,0.0,0.0,0,290.1098178673786,0.0,,,,,0,10,0,6442450944,0.0,18.0,False
5.0,rsu,rsu-2,rsu-2:gpu,rsu_gpu,1,0,0,0,0.0,0.0,0,290.1098178673786,0.0,,,,,0,10,0,6442450944,0.0,18.0,False
5.024312505042403,vehicle,veh-1,veh-1:accelerator,accelerator,1,0,0,0,0.2795978959999992,0.055648985949698505,1,44.51546835610707,,0,1073741824,"{""accelerator"":0,""cpu"":0,""encoder"":0}","{""accelerator"":8,""cpu"":8,""encoder"":8}",,,,,,,
5.024312505042403,vehicle,veh-1,veh-1:cpu,cpu,1,0,0,0,0.029999999999999916,0.0059709661709720285,1,44.51546835610707,,0,1073741824,"{""accelerator"":0,""cpu"":0,""encoder"":0}","{""accelerator"":8,""cpu"":8,""encoder"":8}",,,,,,,
5.024312505042403,vehicle,veh-1,veh-1:encoder,encoder,1,0,0,0,0.022314720000000343,0.004441347941157179,1,44.51546835610707,,0,1073741824,"{""accelerator"":0,""cpu"":0,""encoder"":0}","{""accelerator"":8,""cpu"":8,""encoder"":8}",,,,,,,
5.024312505042403,vehicle,veh-2,veh-2:accelerator,accelerator,1,0,0,0,0.2926265868571425,0.05824211502836702,1,35.77453430459204,,268435456,805306368,"{""accelerator"":1,""cpu"":0,""encoder"":0}","{""accelerator"":6,""cpu"":6,""encoder"":6}",,,,,,,
5.024312505042403,vehicle,veh-2,veh-2:cpu,cpu,1,0,0,0,0.025714285714286023,0.0051179710036903855,1,35.77453430459204,,268435456,805306368,"{""accelerator"":1,""cpu"":0,""encoder"":0}","{""accelerator"":6,""cpu"":6,""encoder"":6}",,,,,,,
5.024312505042403,vehicle,veh-2,veh-2:encoder,encoder,1,0,0,0,0.025397199999999787,0.005054860734580332,1,35.77453430459204,,268435456,805306368,"{""accelerator"":1,""cpu"":0,""encoder"":0}","{""accelerator"":6,""cpu"":6,""encoder"":6}",,,,,,,
5.024312505042403,rsu,rsu-1,rsu-1:ingress,rsu_ingress_cpu,1,0,0,0,0.009000000000000119,0.0017912898512916372,1,364.6757876276811,0.0,,,,,0,16,0,8589934592,0.0,30.0,False
5.024312505042403,rsu,rsu-1,rsu-1:gpu,rsu_gpu,2,0,0,0,0.05880379400000013,0.005851924411646828,1,364.6757876276811,0.0,,,,,0,16,0,8589934592,0.0,30.0,False
5.024312505042403,rsu,rsu-2,rsu-2:ingress,rsu_ingress_cpu,1,0,1,0.003,0.0,0.0,1,291.55276504164516,0.0,,,,,1,10,805306368,6442450944,0.03,18.0,False
5.024312505042403,rsu,rsu-2,rsu-2:gpu,rsu_gpu,1,0,0,0,0.0,0.0,0,291.55276504164516,0.0,,,,,1,10,805306368,6442450944,0.03,18.0,False
5.028598219328117,vehicle,veh-1,veh-1:accelerator,accelerator,1,0,0,0,0.2795978959999992,0.05560155808935495,1,44.54975407039279,,0,1073741824,"{""accelerator"":0,""cpu"":0,""encoder"":0}","{""accelerator"":8,""cpu"":8,""encoder"":8}",,,,,,,
5.028598219328117,vehicle,veh-1,veh-1:cpu,cpu,1,0,0,0,0.029999999999999916,0.005965877306461021,1,44.54975407039279,,0,1073741824,"{""accelerator"":0,""cpu"":0,""encoder"":0}","{""accelerator"":8,""cpu"":8,""encoder"":8}",,,,,,,
5.028598219328117,vehicle,veh-1,veh-1:encoder,encoder,1,0,0,0,0.022314720000000343,0.004437562721601143,1,44.54975407039279,,0,1073741824,"{""accelerator"":0,""cpu"":0,""encoder"":0}","{""accelerator"":8,""cpu"":8,""encoder"":8}",,,,,,,
5.028598219328117,vehicle,veh-2,veh-2:accelerator,accelerator,1,0,0,0,0.2926265868571425,0.05819247712660588,1,35.80290573316347,,268435456,805306368,"{""accelerator"":1,""cpu"":0,""encoder"":0}","{""accelerator"":6,""cpu"":6,""encoder"":6}",,,,,,,
5.028598219328117,vehicle,veh-2,veh-2:cpu,cpu,1,0,0,0,0.025714285714286023,0.005113609119823808,1,35.80290573316347,,268435456,805306368,"{""accelerator"":1,""cpu"":0,""encoder"":0}","{""accelerator"":6,""cpu"":6,""encoder"":6}",,,,,,,
5.028598219328117,vehicle,veh-2,veh-2:encoder,encoder,1,0,0,0,0.025397199999999787,0.0050505526375883665,1,35.80290573316347,,268435456,805306368,"{""accelerator"":1,""cpu"":0,""encoder"":0}","{""accelerator"":6,""cpu"":6,""encoder"":6}",,,,,,,
5.028598219328117,rsu,rsu-1,rsu-1:ingress,rsu_ingress_cpu,1,0,0,0,0.009000000000000119,0.001789763191938335,1,364.9843590562525,0.0,,,,,0,16,0,8589934592,0.0,30.0,False
5.028598219328117,rsu,rsu-1,rsu-1:gpu,rsu_gpu,2,0,0,0,0.05880379400000013,0.005846937002640175,1,364.9843590562525,0.0,,,,,0,16,0,8589934592,0.0,30.0,False
5.028598219328117,rsu,rsu-2,rsu-2:ingress,rsu_ingress_cpu,1,0,0,0,0.004285714285714448,0.0008522681866373234,1,291.8550507559309,0.0,,,,,1,10,805306368,6442450944,0.03,18.0,False
5.028598219328117,rsu,rsu-2,rsu-2:gpu,rsu_gpu,1,0,1,0.020547248,0.0,0.0,1,291.8550507559309,0.0,,,,,1,10,805306368,6442450944,0.03,18.0,False
5.04,vehicle,veh-1,veh-1:accelerator,accelerator,1,0,0,0,0.2795978959999992,0.05547577301587285,1,44.64096831576785,,0,1073741824,"{""accelerator"":0,""cpu"":0,""encoder"":0}","{""accelerator"":8,""cpu"":8,""encoder"":8}",,,,,,,
5.04,vehicle,veh-1,veh-1:cpu,cpu,1,0,0,0,0.029999999999999916,0.005952380952380936,1,44.64096831576785,,0,1073741824,"{""accelerator"":0,""cpu"":0,""encoder"":0}","{""accelerator"":8,""cpu"":8,""encoder"":8}",,,,,,,
5.04,vehicle,veh-1,veh-1:encoder,encoder,1,0,0,0,0.022314720000000343,0.004427523809523878,1,44.64096831576785,,0,1073741824,"{""accelerator"":0,""cpu"":0,""encoder"":0}","{""accelerator"":8,""cpu"":8,""encoder"":8}",,,,,,,
5.04,vehicle,veh-2,veh-2:accelerator,accelerator,1,0,0,0,0.2926265868571425,0.058060830725623506,1,35.878385521211335,,268435456,805306368,"{""accelerator"":1,""cpu"":0,""encoder"":0}","{""accelerator"":6,""cpu"":6,""encoder"":6}",,,,,,,
5.04,vehicle,veh-2,veh-2:cpu,cpu,1,0,0,0,0.025714285714286023,0.005102040816326592,1,35.878385521211335,,268435456,805306368,"{""accelerator"":1,""cpu"":0,""encoder"":0}","{""accelerator"":6,""cpu"":6,""encoder"":6}",,,,,,,
5.04,vehicle,veh-2,veh-2:encoder,encoder,1,0,0,0,0.025397199999999787,0.005039126984126942,1,35.878385521211335,,268435456,805306368,"{""accelerator"":1,""cpu"":0,""encoder"":0}","{""accelerator"":6,""cpu"":6,""encoder"":6}",,,,,,,
5.04,rsu,rsu-1,rsu-1:ingress,rsu_ingress_cpu,1,0,0,0,0.009000000000000119,0.0017857142857143093,1,365.8052872646281,0.0,,,,,0,16,0,8589934592,0.0,30.0,False
5.04,rsu,rsu-1,rsu-1:gpu,rsu_gpu,2,0,0,0,0.05880379400000013,0.005833709722222235,1,365.8052872646281,0.0,,,,,0,16,0,8589934592,0.0,30.0,False
5.04,rsu,rsu-2,rsu-2:ingress,rsu_ingress_cpu,1,0,0,0,0.004285714285714448,0.0008503401360544539,1,292.8401646071469,0.0,,,,,1,10,805306368,6442450944,0.03,18.0,False
5.04,rsu,rsu-2,rsu-2:gpu,rsu_gpu,1,0,1,0.012566001529681963,0.01140178067188291,0.0022622580698180377,1,292.8401646071469,0.0,,,,,1,10,805306368,6442450944,0.03,18.0,False
5.057951430756688,vehicle,veh-1,veh-1:accelerator,accelerator,1,0,0,0,0.2795978959999992,0.05527888114935305,1,44.784579761821355,,0,1073741824,"{""accelerator"":0,""cpu"":0,""encoder"":0}","{""accelerator"":8,""cpu"":8,""encoder"":8}",,,,,,,
5.057951430756688,vehicle,veh-1,veh-1:cpu,cpu,1,0,0,0,0.029999999999999916,0.005931255056656763,1,44.784579761821355,,0,1073741824,"{""accelerator"":0,""cpu"":0,""encoder"":0}","{""accelerator"":8,""cpu"":8,""encoder"":8}",,,,,,,
5.057951430756688,vehicle,veh-1,veh-1:encoder,encoder,1,0,0,0,0.022314720000000343,0.00441180986126274,1,44.784579761821355,,0,1073741824,"{""accelerator"":0,""cpu"":0,""encoder"":0}","{""accelerator"":8,""cpu"":8,""encoder"":8}",,,,,,,
5.057951430756688,vehicle,veh-2,veh-2:accelerator,accelerator,1,0,0,0,0.2926265868571425,0.057854764100288024,1,35.997223992820615,,268435456,805306368,"{""accelerator"":1,""cpu"":0,""encoder"":0}","{""accelerator"":6,""cpu"":6,""encoder"":6}",,,,,,,
5.057951430756688,vehicle,veh-2,veh-2:cpu,cpu,1,0,0,0,0.025714285714286023,0.005083932905705872,1,35.997223992820615,,268435456,805306368,"{""accelerator"":1,""cpu"":0,""encoder"":0}","{""accelerator"":6,""cpu"":6,""encoder"":6}",,,,,,,
5.057951430756688,vehicle,veh-2,veh-2:encoder,encoder,1,0,0,0,0.025397199999999787,0.005021242364164077,1,35.997223992820615,,268435456,805306368,"{""accelerator"":1,""cpu"":0,""encoder"":0}","{""accelerator"":6,""cpu"":6,""encoder"":6}",,,,,,,
5.057951430756688,rsu,rsu-1,rsu-1:ingress,rsu_ingress_cpu,1,0,0,0,0.009000000000000119,0.0017793765169970574,1,367.09779027910963,0.0,,,,,0,16,0,8589934592,0.0,30.0,False
5.057951430756688,rsu,rsu-1,rsu-1:gpu,rsu_gpu,2,0,0,0,0.05880379400000013,0.00581300500855174,1,367.09779027910963,0.0,,,,,0,16,0,8589934592,0.0,30.0,False
5.057951430756688,rsu,rsu-2,rsu-2:ingress,rsu_ingress_cpu,1,0,0,0,0.004285714285714448,0.0008473221509510006,1,294.3911682263594,0.0,,,,,0,10,0,6442450944,0.0,18.0,False
5.057951430756688,rsu,rsu-2,rsu-2:gpu,rsu_gpu,1,0,0,0,0.029353211428571058,0.005803379457160922,1,294.3911682263594,0.0,,,,,0,10,0,6442450944,0.0,18.0,False
5.05807024715352,vehicle,veh-1,veh-1:accelerator,accelerator,1,0,0,0,0.2795978959999992,0.055277582623006416,1,44.78553029299601,,0,1073741824,"{""accelerator"":0,""cpu"":0,""encoder"":0}","{""accelerator"":8,""cpu"":8,""encoder"":8}",,,,,,,
5.05807024715352,vehicle,veh-1,veh-1:cpu,cpu,1,0,0,0,0.029999999999999916,0.0059311157287470885,1,44.78553029299601,,0,1073741824,"{""accelerator"":0,""cpu"":0,""encoder"":0}","{""accelerator"":8,""cpu"":8,""encoder"":8}",,,,,,,
5.05807024715352,vehicle,veh-1,veh-1:encoder,encoder,1,0,0,0,0.022314720000000343,0.004411706225819655,1,44.78553029299601,,0,1073741824,"{""accelerator"":0,""cpu"":0,""encoder"":0}","{""accelerator"":8,""cpu"":8,""encoder"":8}",,,,,,,
5.05807024715352,vehicle,veh-2,veh-2:accelerator,accelerator,1,0,0,0,0.2926265868571425,0.05785340506526596,1,35.99815313704384,,268435456,805306368,"{""accelerator"":1,""cpu"":0,""encoder"":0}","{""accelerator"":6,""cpu"":6,""encoder"":6}",,,,,,,
5.05807024715352,vehicle,veh-2,veh-2:cpu,cpu,1,0,0,0,0.025714285714286023,0.005083813481783294,1,35.99815313704384,,268435456,805306368,"{""accelerator"":1,""cpu"":0,""encoder"":0}","{""accelerator"":6,""cpu"":6,""encoder"":6}",,,,,,,
5.05807024715352,vehicle,veh-2,veh-2:encoder,encoder,1,0,0,0,0.025397199999999787,0.0050211244128711575,1,35.99815313704384,,268435456,805306368,"{""accelerator"":1,""cpu"":0,""encoder"":0}","{""accelerator"":6,""cpu"":6,""encoder"":6}",,,,,,,
5.05807024715352,rsu,rsu-1,rsu-1:ingress,rsu_ingress_cpu,1,0,0,0,0.009000000000000119,0.0017793347186241552,1,367.10634505968153,0.0,,,,,0,16,0,8589934592,0.0,30.0,False
5.05807024715352,rsu,rsu-1,rsu-1:gpu,rsu_gpu,2,0,0,0,0.05880379400000013,0.005812868458390091,1,367.10634505968153,0.0,,,,,0,16,0,8589934592,0.0,30.0,False
5.05807024715352,rsu,rsu-2,rsu-2:ingress,rsu_ingress_cpu,1,0,0,0,0.004285714285714448,0.0008473022469639043,1,294.3986298960804,0.0,,,,,0,10,0,6442450944,0.0,18.0,False
5.05807024715352,rsu,rsu-2,rsu-2:gpu,rsu_gpu,1,0,0,0,0.029353211428571058,0.005803243133107903,1,294.3986298960804,0.0,,,,,0,10,0,6442450944,0.0,18.0,False
5.058070247153521,vehicle,veh-1,veh-1:accelerator,accelerator,1,0,0,0,0.2795978959999992,0.05527758262300641,1,44.785530292996015,,0,1073741824,"{""accelerator"":0,""cpu"":0,""encoder"":0}","{""accelerator"":8,""cpu"":8,""encoder"":8}",,,,,,,
5.058070247153521,vehicle,veh-1,veh-1:cpu,cpu,1,0,0,0,0.029999999999999916,0.005931115728747088,1,44.785530292996015,,0,1073741824,"{""accelerator"":0,""cpu"":0,""encoder"":0}","{""accelerator"":8,""cpu"":8,""encoder"":8}",,,,,,,
5.058070247153521,vehicle,veh-1,veh-1:encoder,encoder,1,0,0,0,0.022314720000000343,0.004411706225819654,1,44.785530292996015,,0,1073741824,"{""accelerator"":0,""cpu"":0,""encoder"":0}","{""accelerator"":8,""cpu"":8,""encoder"":8}",,,,,,,
5.058070247153521,vehicle,veh-2,veh-2:accelerator,accelerator,1,0,0,0,0.2926265868571425,0.05785340506526595,1,35.99815313704385,,0,805306368,"{""accelerator"":0,""cpu"":0,""encoder"":0}","{""accelerator"":6,""cpu"":6,""encoder"":6}",,,,,,,
5.058070247153521,vehicle,veh-2,veh-2:cpu,cpu,1,0,0,0,0.025714285714286023,0.005083813481783293,1,35.99815313704385,,0,805306368,"{""accelerator"":0,""cpu"":0,""encoder"":0}","{""accelerator"":6,""cpu"":6,""encoder"":6}",,,,,,,
5.058070247153521,vehicle,veh-2,veh-2:encoder,encoder,1,0,0,0,0.025397199999999787,0.005021124412871157,1,35.99815313704385,,0,805306368,"{""accelerator"":0,""cpu"":0,""encoder"":0}","{""accelerator"":6,""cpu"":6,""encoder"":6}",,,,,,,
5.058070247153521,rsu,rsu-1,rsu-1:ingress,rsu_ingress_cpu,1,0,0,0,0.009000000000000119,0.0017793347186241548,1,367.1063450596816,0.0,,,,,0,16,0,8589934592,0.0,30.0,False
5.058070247153521,rsu,rsu-1,rsu-1:gpu,rsu_gpu,2,0,0,0,0.05880379400000013,0.0058128684583900895,1,367.1063450596816,0.0,,,,,0,16,0,8589934592,0.0,30.0,False
5.058070247153521,rsu,rsu-2,rsu-2:ingress,rsu_ingress_cpu,1,0,0,0,0.004285714285714448,0.0008473022469639042,1,294.3986298960805,0.0,,,,,0,10,0,6442450944,0.0,18.0,False
5.058070247153521,rsu,rsu-2,rsu-2:gpu,rsu_gpu,1,0,0,0,0.029353211428571058,0.005803243133107902,1,294.3986298960805,0.0,,,,,0,10,0,6442450944,0.0,18.0,False
5.25,vehicle,veh-1,veh-1:accelerator,accelerator,1,0,0,0,0.2795978959999992,0.05325674209523794,1,46.32096831576785,,0,1073741824,"{""accelerator"":0,""cpu"":0,""encoder"":0}","{""accelerator"":8,""cpu"":8,""encoder"":8}",,,,,,,
5.25,vehicle,veh-1,veh-1:cpu,cpu,1,0,0,0,0.029999999999999916,0.005714285714285698,1,46.32096831576785,,0,1073741824,"{""accelerator"":0,""cpu"":0,""encoder"":0}","{""accelerator"":8,""cpu"":8,""encoder"":8}",,,,,,,
5.25,vehicle,veh-1,veh-1:encoder,encoder,1,0,0,0,0.022314720000000343,0.004250422857142923,1,46.32096831576785,,0,1073741824,"{""accelerator"":0,""cpu"":0,""encoder"":0}","{""accelerator"":8,""cpu"":8,""encoder"":8}",,,,,,,
5.25,vehicle,veh-2,veh-2:accelerator,accelerator,1,0,0,0,0.2926265868571425,0.05573839749659857,1,37.24569653054596,,0,805306368,"{""accelerator"":0,""cpu"":0,""encoder"":0}","{""accelerator"":6,""cpu"":6,""encoder"":6}",,,,,,,
5.25,vehicle,veh-2,veh-2:cpu,cpu,1,0,0,0,0.025714285714286023,0.004897959183673528,1,37.24569653054596,,0,805306368,"{""accelerator"":0,""cpu"":0,""encoder"":0}","{""accelerator"":6,""cpu"":6,""encoder"":6}",,,,,,,
5.25,vehicle,veh-2,veh-2:encoder,encoder,1,0,0,0,0.025397199999999787,0.004837561904761864,1,37.24569653054596,,0,805306368,"{""accelerator"":0,""cpu"":0,""encoder"":0}","{""accelerator"":6,""cpu"":6,""encoder"":6}",,,,,,,
5.25,rsu,rsu-1,rsu-1:ingress,rsu_ingress_cpu,1,0,0,0,0.009000000000000119,0.001714285714285737,1,380.9252872646281,0.0,,,,,0,16,0,8589934592,0.0,30.0,False
5.25,rsu,rsu-1,rsu-1:gpu,rsu_gpu,2,0,0,0,0.05880379400000013,0.005600361333333346,1,380.9252872646281,0.0,,,,,0,16,0,8589934592,0.0,30.0,False
5.25,rsu,rsu-2,rsu-2:ingress,rsu_ingress_cpu,1,0,0,0,0.004285714285714448,0.0008163265306122758,1,305.5305555611763,0.0,,,,,0,10,0,6442450944,0.0,18.0,False
5.25,rsu,rsu-2,rsu-2:gpu,rsu_gpu,1,0,0,0,0.029353211428571058,0.0055910878911563915,1,305.5305555611763,0.0,,,,,0,10,0,6442450944,0.0,18.0,False
5.4,vehicle,veh-1,veh-1:accelerator,accelerator,1,0,0,0,0.2795978959999992,0.051777388148147994,1,47.52096831576785,,0,1073741824,"{""accelerator"":0,""cpu"":0,""encoder"":0}","{""accelerator"":8,""cpu"":8,""encoder"":8}",,,,,,,
5.4,vehicle,veh-1,veh-1:cpu,cpu,1,0,0,0,0.029999999999999916,0.005555555555555539,1,47.52096831576785,,0,1073741824,"{""accelerator"":0,""cpu"":0,""encoder"":0}","{""accelerator"":8,""cpu"":8,""encoder"":8}",,,,,,,
5.4,vehicle,veh-1,veh-1:encoder,encoder,1,0,0,0,0.022314720000000343,0.004132355555555619,1,47.52096831576785,,0,1073741824,"{""accelerator"":0,""cpu"":0,""encoder"":0}","{""accelerator"":8,""cpu"":8,""encoder"":8}",,,,,,,
5.4,vehicle,veh-2,veh-2:accelerator,accelerator,1,0,0,0,0.2926265868571425,0.054190108677248605,1,38.220696530545965,,0,805306368,"{""accelerator"":0,""cpu"":0,""encoder"":0}","{""accelerator"":6,""cpu"":6,""encoder"":6}",,,,,,,
5.4,vehicle,veh-2,veh-2:cpu,cpu,1,0,0,0,0.025714285714286023,0.004761904761904819,1,38.220696530545965,,0,805306368,"{""accelerator"":0,""cpu"":0,""encoder"":0}","{""accelerator"":6,""cpu"":6,""encoder"":6}",,,,,,,
5.4,vehicle,veh-2,veh-2:encoder,encoder,1,0,0,0,0.025397199999999787,0.004703185185185145,1,38.220696530545965,,0,805306368,"{""accelerator"":0,""cpu"":0,""encoder"":0}","{""accelerator"":6,""cpu"":6,""encoder"":6}",,,,,,,
5.4,rsu,rsu-1,rsu-1:ingress,rsu_ingress_cpu,1,0,0,0,0.009000000000000119,0.0016666666666666887,1,391.7252872646281,0.0,,,,,0,16,0,8589934592,0.0,30.0,False
5.4,rsu,rsu-1,rsu-1:gpu,rsu_gpu,2,0,0,0,0.05880379400000013,0.005444795740740752,1,391.7252872646281,0.0,,,,,0,16,0,8589934592,0.0,30.0,False
5.4,rsu,rsu-2,rsu-2:ingress,rsu_ingress_cpu,1,0,0,0,0.004285714285714448,0.0007936507936508237,1,314.23055556117635,0.0,,,,,0,10,0,6442450944,0.0,18.0,True
5.4,rsu,rsu-2,rsu-2:gpu,rsu_gpu,1,0,0,0,0.029353211428571058,0.005435779894179825,1,314.23055556117635,0.0,,,,,0,10,0,6442450944,0.0,18.0,True
5.5,vehicle,veh-1,veh-1:accelerator,accelerator,1,0,0,0,0.2795978959999992,0.05083598109090894,1,48.32096831576785,,0,1073741824,"{""accelerator"":0,""cpu"":0,""encoder"":0}","{""accelerator"":8,""cpu"":8,""encoder"":8}",,,,,,,
5.5,vehicle,veh-1,veh-1:cpu,cpu,1,0,0,0,0.029999999999999916,0.005454545454545439,1,48.32096831576785,,0,1073741824,"{""accelerator"":0,""cpu"":0,""encoder"":0}","{""accelerator"":8,""cpu"":8,""encoder"":8}",,,,,,,
5.5,vehicle,veh-1,veh-1:encoder,encoder,1,0,0,0,0.022314720000000343,0.0040572218181818805,1,48.32096831576785,,0,1073741824,"{""accelerator"":0,""cpu"":0,""encoder"":0}","{""accelerator"":8,""cpu"":8,""encoder"":8}",,,,,,,
5.5,vehicle,veh-2,veh-2:accelerator,accelerator,1,0,0,0,0.2926265868571425,0.05320483397402591,1,38.87069653054596,,0,805306368,"{""accelerator"":0,""cpu"":0,""encoder"":0}","{""accelerator"":6,""cpu"":6,""encoder"":6}",,,,,,,
5.5,vehicle,veh-2,veh-2:cpu,cpu,1,0,0,0,0.025714285714286023,0.004675324675324732,1,38.87069653054596,,0,805306368,"{""accelerator"":0,""cpu"":0,""encoder"":0}","{""accelerator"":6,""cpu"":6,""encoder"":6}",,,,,,,
5.5,vehicle,veh-2,veh-2:encoder,encoder,1,0,0,0,0.025397199999999787,0.004617672727272689,1,38.87069653054596,,0,805306368,"{""accelerator"":0,""cpu"":0,""encoder"":0}","{""accelerator"":6,""cpu"":6,""encoder"":6}",,,,,,,
5.5,rsu,rsu-1,rsu-1:ingress,rsu_ingress_cpu,1,0,0,0,0.009000000000000119,0.001636363636363658,1,398.9252872646281,0.0,,,,,0,16,0,8589934592,0.0,30.0,False
5.5,rsu,rsu-1,rsu-1:gpu,rsu_gpu,2,0,0,0,0.05880379400000013,0.005345799454545466,1,398.9252872646281,0.0,,,,,0,16,0,8589934592,0.0,30.0,False
5.5,rsu,rsu-2,rsu-2:ingress,rsu_ingress_cpu,1,0,0,0,0.004285714285714448,0.0007792207792208087,1,320.0305555611763,0.0,,,,,0,10,0,6442450944,0.0,18.0,True
5.5,rsu,rsu-2,rsu-2:gpu,rsu_gpu,1,0,0,0,0.029353211428571058,0.005336947532467465,1,320.0305555611763,0.0,,,,,0,10,0,6442450944,0.0,18.0,True
5.54,vehicle,veh-1,veh-1:accelerator,accelerator,1,0,0,0,0.2795978959999992,0.05046893429602873,1,48.64096831576785,,0,1073741824,"{""accelerator"":0,""cpu"":0,""encoder"":0}","{""accelerator"":8,""cpu"":8,""encoder"":8}",,,,,,,
5.54,vehicle,veh-1,veh-1:cpu,cpu,1,0,0,0,0.029999999999999916,0.005415162454873631,1,48.64096831576785,,0,1073741824,"{""accelerator"":0,""cpu"":0,""encoder"":0}","{""accelerator"":8,""cpu"":8,""encoder"":8}",,,,,,,
5.54,vehicle,veh-1,veh-1:encoder,encoder,1,0,0,0,0.022314720000000343,0.0040279277978339965,1,48.64096831576785,,0,1073741824,"{""accelerator"":0,""cpu"":0,""encoder"":0}","{""accelerator"":8,""cpu"":8,""encoder"":8}",,,,,,,
5.54,vehicle,veh-2,veh-2:accelerator,accelerator,1,0,0,0,0.2926265868571425,0.052820683548220664,1,39.13069653054596,,0,805306368,"{""accelerator"":0,""cpu"":0,""encoder"":0}","{""accelerator"":6,""cpu"":6,""encoder"":6}",,,,,,,
5.54,vehicle,veh-2,veh-2:cpu,cpu,1,0,0,0,0.025714285714286023,0.004641567818463181,1,39.13069653054596,,0,805306368,"{""accelerator"":0,""cpu"":0,""encoder"":0}","{""accelerator"":6,""cpu"":6,""encoder"":6}",,,,,,,
5.54,vehicle,veh-2,veh-2:encoder,encoder,1,0,0,0,0.025397199999999787,0.00458433212996386,1,39.13069653054596,,0,805306368,"{""accelerator"":0,""cpu"":0,""encoder"":0}","{""accelerator"":6,""cpu"":6,""encoder"":6}",,,,,,,
5.54,rsu,rsu-1,rsu-1:ingress,rsu_ingress_cpu,1,0,0,0,0.009000000000000119,0.0016245487364621154,1,401.8052872646281,0.0,,,,,0,16,0,8589934592,0.0,30.0,False
5.54,rsu,rsu-1,rsu-1:gpu,rsu_gpu,2,0,0,0,0.05880379400000013,0.005307201624548748,1,401.8052872646281,0.0,,,,,0,16,0,8589934592,0.0,30.0,False
5.54,rsu,rsu-2,rsu-2:ingress,rsu_ingress_cpu,1,0,0,0,0.004285714285714448,0.0007735946364105502,1,322.3505555611763,0.0,,,,,0,10,0,6442450944,0.0,18.0,True
5.54,rsu,rsu-2,rsu-2:gpu,rsu_gpu,1,0,0,0,0.029353211428571058,0.005298413615265534,1,322.3505555611763,0.0,,,,,0,10,0,6442450944,0.0,18.0,True
5.625197111,vehicle,veh-1,veh-1:accelerator,accelerator,1,0,1,0.023108349,0.2795978959999992,0.04970455087755931,1,49.32254520376785,,67108864,1073741824,"{""accelerator"":1,""cpu"":0,""encoder"":0}","{""accelerator"":8,""cpu"":8,""encoder"":8}",,,,,,,
5.625197111,vehicle,veh-1,veh-1:cpu,cpu,1,0,0,0,0.029999999999999916,0.005333146449452465,1,49.32254520376785,,67108864,1073741824,"{""accelerator"":1,""cpu"":0,""encoder"":0}","{""accelerator"":8,""cpu"":8,""encoder"":8}",,,,,,,
5.625197111,vehicle,veh-1,veh-1:encoder,encoder,1,0,0,0,0.022314720000000343,0.003966922324617602,1,49.32254520376785,,67108864,1073741824,"{""accelerator"":1,""cpu"":0,""encoder"":0}","{""accelerator"":8,""cpu"":8,""encoder"":8}",,,,,,,
5.625197111,vehicle,veh-2,veh-2:accelerator,accelerator,1,0,0,0,0.2926265868571425,0.05202068142375224,1,39.684477752045964,,0,805306368,"{""accelerator"":0,""cpu"":0,""encoder"":0}","{""accelerator"":6,""cpu"":6,""encoder"":6}",,,,,,,
5.625197111,vehicle,veh-2,veh-2:cpu,cpu,1,0,0,0,0.025714285714286023,0.004571268385245038,1,39.684477752045964,,0,805306368,"{""accelerator"":0,""cpu"":0,""encoder"":0}","{""accelerator"":6,""cpu"":6,""encoder"":6}",,,,,,,
5.625197111,vehicle,veh-2,veh-2:encoder,encoder,1,0,0,0,0.025397199999999787,0.0045148995668677794,1,39.684477752045964,,0,805306368,"{""accelerator"":0,""cpu"":0,""encoder"":0}","{""accelerator"":6,""cpu"":6,""encoder"":6}",,,,,,,
5.625197111,rsu,rsu-1,rsu-1:ingress,rsu_ingress_cpu,1,0,0,0,0.009000000000000119,0.0015999439348357652,1,407.9394792566281,0.0,,,,,0,16,0,8589934592,0.0,30.0,False
5.625197111,rsu,rsu-1,rsu-1:gpu,rsu_gpu,2,0,0,0,0.05880379400000013,0.005226820753090596,1,407.9394792566281,0.0,,,,,0,16,0,8589934592,0.0,30.0,False
5.625197111,rsu,rsu-2,rsu-2:ingress,rsu_ingress_cpu,1,0,0,0,0.004285714285714448,0.000761878064207526,1,327.2919879991763,0.0,,,,,0,10,0,6442450944,0.0,18.0,True
5.625197111,rsu,rsu-2,rsu-2:gpu,rsu_gpu,1,0,0,0,0.029353211428571058,0.0052181658436770565,1,327.2919879991763,0.0,,,,,0,10,0,6442450944,0.0,18.0,True
5.658209038142857,vehicle,veh-1,veh-1:accelerator,accelerator,1,0,0,0,0.312609823142856,0.055248899613907006,1,49.85440591698213,,268435456,1073741824,"{""accelerator"":1,""cpu"":1,""encoder"":1}","{""accelerator"":8,""cpu"":8,""encoder"":8}",,,,,,,
5.658209038142857,vehicle,veh-1,veh-1:cpu,cpu,1,0,0,0,0.029999999999999916,0.005302031048652551,1,49.85440591698213,,268435456,1073741824,"{""accelerator"":1,""cpu"":1,""encoder"":1}","{""accelerator"":8,""cpu"":8,""encoder"":8}",,,,,,,
5.658209038142857,vehicle,veh-1,veh-1:encoder,encoder,1,0,0,0,0.022314720000000343,0.003943777942733007,1,49.85440591698213,,268435456,1073741824,"{""accelerator"":1,""cpu"":1,""encoder"":1}","{""accelerator"":8,""cpu"":8,""encoder"":8}",,,,,,,
5.658209038142857,vehicle,veh-2,veh-2:accelerator,accelerator,1,0,0,0,0.2926265868571425,0.05171717497259321,1,39.899055278474535,,0,805306368,"{""accelerator"":0,""cpu"":0,""encoder"":0}","{""accelerator"":6,""cpu"":6,""encoder"":6}",,,,,,,
5.658209038142857,vehicle,veh-2,veh-2:cpu,cpu,1,0,0,0,0.025714285714286023,0.004544598041702254,1,39.899055278474535,,0,805306368,"{""accelerator"":0,""cpu"":0,""encoder"":0}","{""accelerator"":6,""cpu"":6,""encoder"":6}",,,,,,,
5.658209038142857,vehicle,veh-2,veh-2:encoder,encoder,1,0,0,0,0.025397199999999787,0.004488558098294594,1,39.899055278474535,,0,805306368,"{""accelerator"":0,""cpu"":0,""encoder"":0}","{""accelerator"":6,""cpu"":6,""encoder"":6}",,,,,,,
5.658209038142857,rsu,rsu-1,rsu-1:ingress,rsu_ingress_cpu,1,0,0,0,0.009000000000000119,0.0015906093145957908,1,410.3163380109138,0.0,,,,,0,16,0,8589934592,0.0,30.0,False
5.658209038142857,rsu,rsu-1,rsu-1:gpu,rsu_gpu,2,0,0,0,0.05880379400000013,0.00519632569277617,1,410.3163380109138,0.0,,,,,0,16,0,8589934592,0.0,30.0,False
5.658209038142857,rsu,rsu-2,rsu-2:ingress,rsu_ingress_cpu,1,0,0,0,0.004285714285714448,0.0007574330069503953,1,329.206679773462,0.0,,,,,0,10,0,6442450944,0.0,18.0,True
5.658209038142857,rsu,rsu-2,rsu-2:gpu,rsu_gpu,1,0,0,0,0.029353211428571058,0.005187721279064903,1,329.206679773462,0.0,,,,,0,10,0,6442450944,0.0,18.0,True
5.659009038142857,vehicle,veh-1,veh-1:accelerator,accelerator,1,0,1,0.025533836,0.312609823142856,0.05524108921470226,1,49.86092591698213,,268435456,1073741824,"{""accelerator"":1,""cpu"":1,""encoder"":1}","{""accelerator"":8,""cpu"":8,""encoder"":8}",,,,,,,
5.659009038142857,vehicle,veh-1,veh-1:cpu,cpu,1,0,0,0,0.029999999999999916,0.005301281513740991,1,49.86092591698213,,268435456,1073741824,"{""accelerator"":1,""cpu"":1,""encoder"":1}","{""accelerator"":8,""cpu"":8,""encoder"":8}",,,,,,,
5.659009038142857,vehicle,veh-1,veh-1:encoder,encoder,1,0,0,0,0.022314720000000343,0.003943220420676951,1,49.86092591698213,,268435456,1073741824,"{""accelerator"":1,""cpu"":1,""encoder"":1}","{""accelerator"":8,""cpu"":8,""encoder"":8}",,,,,,,
5.659009038142857,vehicle,veh-2,veh-2:accelerator,accelerator,1,0,0,0,0.2926265868571425,0.051709863844496544,1,39.90425527847454,,0,805306368,"{""accelerator"":0,""cpu"":0,""encoder"":0}","{""accelerator"":6,""cpu"":6,""encoder"":6}",,,,,,,
5.659009038142857,vehicle,veh-2,veh-2:cpu,cpu,1,0,0,0,0.025714285714286023,0.004543955583206631,1,39.90425527847454,,0,805306368,"{""accelerator"":0,""cpu"":0,""encoder"":0}","{""accelerator"":6,""cpu"":6,""encoder"":6}",,,,,,,
5.659009038142857,vehicle,veh-2,veh-2:encoder,encoder,1,0,0,0,0.025397199999999787,0.004487923562026065,1,39.90425527847454,,0,805306368,"{""accelerator"":0,""cpu"":0,""encoder"":0}","{""accelerator"":6,""cpu"":6,""encoder"":6}",,,,,,,
5.659009038142857,rsu,rsu-1,rsu-1:ingress,rsu_ingress_cpu,1,0,0,0,0.009000000000000119,0.0015903844541223229,1,410.3739380109138,0.0,,,,,0,16,0,8589934592,0.0,30.0,False
5.659009038142857,rsu,rsu-1,rsu-1:gpu,rsu_gpu,2,0,0,0,0.05880379400000013,0.00519559110116725,1,410.3739380109138,0.0,,,,,0,16,0,8589934592,0.0,30.0,False
5.659009038142857,rsu,rsu-2,rsu-2:ingress,rsu_ingress_cpu,1,0,0,0,0.004285714285714448,0.0007573259305344582,1,329.253079773462,0.0,,,,,0,10,0,6442450944,0.0,18.0,True
5.659009038142857,rsu,rsu-2,rsu-2:gpu,rsu_gpu,1,0,0,0,0.029353211428571058,0.0051869879038404995,1,329.253079773462,0.0,,,,,0,10,0,6442450944,0.0,18.0,True
5.695485946714285,vehicle,veh-1,veh-1:accelerator,accelerator,1,0,0,0,0.3490867317142843,0.06129182566338729,1,50.46851976183927,,268435456,1073741824,"{""accelerator"":1,""cpu"":1,""encoder"":1}","{""accelerator"":8,""cpu"":8,""encoder"":8}",,,,,,,
5.695485946714285,vehicle,veh-1,veh-1:cpu,cpu,1,0,1,0.0075,0.029999999999999916,0.005267329299145555,1,50.46851976183927,,268435456,1073741824,"{""accelerator"":1,""cpu"":1,""encoder"":1}","{""accelerator"":8,""cpu"":8,""encoder"":8}",,,,,,,
5.695485946714285,vehicle,veh-1,veh-1:encoder,encoder,1,0,0,0,0.022314720000000343,0.003917965948607715,1,50.46851976183927,,268435456,1073741824,"{""accelerator"":1,""cpu"":1,""encoder"":1}","{""accelerator"":8,""cpu"":8,""encoder"":8}",,,,,,,
5.695485946714285,vehicle,veh-2,veh-2:accelerator,accelerator,1,0,0,0,0.2926265868571425,0.05137868648871975,1,40.14135518418882,,0,805306368,"{""accelerator"":0,""cpu"":0,""encoder"":0}","{""accelerator"":6,""cpu"":6,""encoder"":6}",,,,,,,
5.695485946714285,vehicle,veh-2,veh-2:cpu,cpu,1,0,0,0,0.025714285714286023,0.004514853684981971,1,40.14135518418882,,0,805306368,"{""accelerator"":0,""cpu"":0,""encoder"":0}","{""accelerator"":6,""cpu"":6,""encoder"":6}",,,,,,,
5.695485946714285,vehicle,veh-2,veh-2:encoder,encoder,1,0,0,0,0.025397199999999787,0.004459180522541959,1,40.14135518418882,,0,805306368,"{""accelerator"":0,""cpu"":0,""encoder"":0}","{""accelerator"":6,""cpu"":6,""encoder"":6}",,,,,,,
5.695485946714285,rsu,rsu-1,rsu-1:ingress,rsu_ingress_cpu,1,0,0,0,0.009000000000000119,0.001580198789743692,1,413.0002754280566,0.0,,,,,0,16,0,8589934592,0.0,30.0,False
5.695485946714285,rsu,rsu-1,rsu-1:gpu,rsu_gpu,2,0,0,0,0.05880379400000013,0.005162315783952019,1,413.0002754280566,0.0,,,,,0,16,0,8589934592,0.0,30.0,False
5.695485946714285,rsu,rsu-2,rsu-2:ingress,rsu_ingress_cpu,1,0,0,0,0.004285714285714448,0.0007524756141636813,1,331.36874047060485,0.0,,,,,0,10,0,6442450944,0.0,18.0,True
5.695485946714285,rsu,rsu-2,rsu-2:gpu,rsu_gpu,1,0,0,0,0.029353211428571058,0.005153767686057564,1,331.36874047060485,0.0,,,,,0,10,0,6442450944,0.0,18.0,True
5.706200232428571,vehicle,veh-1,veh-1:accelerator,accelerator,1,0,1,0.035463662,0.3490867317142843,0.06117674064965509,1,50.600841190410705,,268435456,1073741824,"{""accelerator"":1,""cpu"":1,""encoder"":1}","{""accelerator"":8,""cpu"":8,""encoder"":8}",,,,,,,
5.706200232428571,vehicle,veh-1,veh-1:cpu,cpu,1,0,0,0,0.040714285714286036,0.007135095870436699,1,50.600841190410705,,268435456,1073741824,"{""accelerator"":1,""cpu"":1,""encoder"":1}","{""accelerator"":8,""cpu"":8,""encoder"":8}",,,,,,,
5.706200232428571,vehicle,veh-1,veh-1:encoder,encoder,1,0,0,0,0.022314720000000343,0.0039106093531707615,1,50.600841190410705,,268435456,1073741824,"{""accelerator"":1,""cpu"":1,""encoder"":1}","{""accelerator"":8,""cpu"":8,""encoder"":8}",,,,,,,
5.706200232428571,vehicle,veh-2,veh-2:accelerator,accelerator,1,0,0,0,0.2926265868571425,0.05128221494824761,1,40.21099804133168,,0,805306368,"{""accelerator"":0,""cpu"":0,""encoder"":0}","{""accelerator"":6,""cpu"":6,""encoder"":6}",,,,,,,
5.706200232428571,vehicle,veh-2,veh-2:cpu,cpu,1,0,0,0,0.025714285714286023,0.004506376339223198,1,40.21099804133168,,0,805306368,"{""accelerator"":0,""cpu"":0,""encoder"":0}","{""accelerator"":6,""cpu"":6,""encoder"":6}",,,,,,,
5.706200232428571,vehicle,veh-2,veh-2:encoder,encoder,1,0,0,0,0.025397199999999787,0.004450807711875663,1,40.21099804133168,,0,805306368,"{""accelerator"":0,""cpu"":0,""encoder"":0}","{""accelerator"":6,""cpu"":6,""encoder"":6}",,,,,,,
5.706200232428571,rsu,rsu-1,rsu-1:ingress,rsu_ingress_cpu,1,0,0,0,0.009000000000000119,0.001577231718728121,1,413.7717039994852,0.0,,,,,0,16,0,8589934592,0.0,30.0,False
5.706200232428571,rsu,rsu-1,rsu-1:gpu,rsu_gpu,2,0,0,0,0.05880379400000013,0.005152622726575186,1,413.7717039994852,0.0,,,,,0,16,0,8589934592,0.0,30.0,False
5.706200232428571,rsu,rsu-2,rsu-2:ingress,rsu_ingress_cpu,1,0,0,0,0.004285714285714448,0.0007510627232038856,1,331.9901690420335,0.0,,,,,0,10,0,6442450944,0.0,18.0,True
5.706200232428571,rsu,rsu-2,rsu-2:gpu,rsu_gpu,1,0,0,0,0.029353211428571058,0.005144090679074937,1,331.9901690420335,0.0,,,,,0,10,0,6442450944,0.0,18.0,True
5.75,vehicle,veh-1,veh-1:accelerator,accelerator,1,0,1,0.004803824700000011,0.39288649928571284,0.06832808683229788,1,51.34105725977422,,268435456,1073741824,"{""accelerator"":1,""cpu"":1,""encoder"":1}","{""accelerator"":8,""cpu"":8,""encoder"":8}",,,,,,,
5.75,vehicle,veh-1,veh-1:cpu,cpu,1,0,0,0,0.040714285714286036,0.007080745341614963,1,51.34105725977422,,268435456,1073741824,"{""accelerator"":1,""cpu"":1,""encoder"":1}","{""accelerator"":8,""cpu"":8,""encoder"":8}",,,,,,,
5.75,vehicle,veh-1,veh-1:encoder,encoder,1,0,0,0,0.022314720000000343,0.003880820869565277,1,51.34105725977422,,268435456,1073741824,"{""accelerator"":1,""cpu"":1,""encoder"":1}","{""accelerator"":8,""cpu"":8,""encoder"":8}",,,,,,,
5.75,vehicle,veh-2,veh-2:accelerator,accelerator,1,0,0,0,0.2926265868571425,0.0508915803229813,1,40.49569653054596,,0,805306368,"{""accelerator"":0,""cpu"":0,""encoder"":0}","{""accelerator"":6,""cpu"":6,""encoder"":6}",,,,,,,
5.75,vehicle,veh-2,veh-2:cpu,cpu,1,0,0,0,0.025714285714286023,0.004472049689441047,1,40.49569653054596,,0,805306368,"{""accelerator"":0,""cpu"":0,""encoder"":0}","{""accelerator"":6,""cpu"":6,""encoder"":6}",,,,,,,
5.75,vehicle,veh-2,veh-2:encoder,encoder,1,0,0,0,0.025397199999999787,0.00441690434782605,1,40.49569653054596,,0,805306368,"{""accelerator"":0,""cpu"":0,""encoder"":0}","{""accelerator"":6,""cpu"":6,""encoder"":6}",,,,,,,
5.75,rsu,rsu-1,rsu-1:ingress,rsu_ingress_cpu,1,0,0,0,0.009000000000000119,0.0015652173913043685,1,416.9252872646281,0.0,,,,,0,16,0,8589934592,0.0,30.0,False
5.75,rsu,rsu-1,rsu-1:gpu,rsu_gpu,2,0,0,0,0.05880379400000013,0.00511337339130436,1,416.9252872646281,0.0,,,,,0,16,0,8589934592,0.0,30.0,False
5.75,rsu,rsu-2,rsu-2:ingress,rsu_ingress_cpu,1,0,0,0,0.004285714285714448,0.0007453416149068605,1,334.53055556117636,0.0,,,,,0,10,0,6442450944,0.0,18.0,True
5.75,rsu,rsu-2,rsu-2:gpu,rsu_gpu,1,0,0,0,0.029353211428571058,0.0051049063354036625,1,334.53055556117636,0.0,,,,,0,10,0,6442450944,0.0,18.0,True
5.756862606714286,vehicle,veh-1,veh-1:accelerator,accelerator,1,0,0,0,0.3997491059999987,0.06943870877407554,1,51.457035312839274,,268435456,1073741824,"{""accelerator"":1,""cpu"":1,""encoder"":1}","{""accelerator"":8,""cpu"":8,""encoder"":8}",,,,,,,
5.756862606714286,vehicle,veh-1,veh-1:cpu,cpu,1,0,1,0.0075,0.040714285714286036,0.007072304568603142,1,51.457035312839274,,268435456,1073741824,"{""accelerator"":1,""cpu"":1,""encoder"":1}","{""accelerator"":8,""cpu"":8,""encoder"":8}",,,,,,,
5.756862606714286,vehicle,veh-1,veh-1:encoder,encoder,1,0,0,0,0.022314720000000343,0.0038761946435849387,1,51.457035312839274,,268435456,1073741824,"{""accelerator"":1,""cpu"":1,""encoder"":1}","{""accelerator"":8,""cpu"":8,""encoder"":8}",,,,,,,
5.756862606714286,vehicle,veh-2,veh-2:accelerator,accelerator,1,0,0,0,0.2926265868571425,0.05083091378902272,1,40.54030347418882,,0,805306368,"{""accelerator"":0,""cpu"":0,""encoder"":0}","{""accelerator"":6,""cpu"":6,""encoder"":6}",,,,,,,
5.756862606714286,vehicle,veh-2,veh-2:cpu,cpu,1,0,0,0,0.025714285714286023,0.004466718674907266,1,40.54030347418882,,0,805306368,"{""accelerator"":0,""cpu"":0,""encoder"":0}","{""accelerator"":6,""cpu"":6,""encoder"":6}",,,,,,,
5.756862606714286,vehicle,veh-2,veh-2:encoder,encoder,1,0,0,0,0.025397199999999787,0.0044116390706248195,1,40.54030347418882,,0,805306368,"{""accelerator"":0,""cpu"":0,""encoder"":0}","{""accelerator"":6,""cpu"":6,""encoder"":6}",,,,,,,
5.756862606714286,rsu,rsu-1,rsu-1:ingress,rsu_ingress_cpu,1,0,0,0,0.009000000000000119,0.001563351536217545,1,417.41939494805666,0.0,,,,,0,16,0,8589934592,0.0,30.0,False
5.756862606714286,rsu,rsu-1,rsu-1:gpu,rsu_gpu,2,0,0,0,0.05880379400000013,0.005107277871406613,1,417.41939494805666,0.0,,,,,0,16,0,8589934592,0.0,30.0,False
5.756862606714286,rsu,rsu-2,rsu-2:ingress,rsu_ingress_cpu,1,0,0,0,0.004285714285714448,0.0007444531124845636,1,334.92858675060495,0.0,,,,,0,10,0,6442450944,0.0,18.0,True
5.756862606714286,rsu,rsu-2,rsu-2:gpu,rsu_gpu,1,0,0,0,0.029353211428571058,0.005098820908863817,1,334.92858675060495,0.0,,,,,0,10,0,6442450944,0.0,18.0,True
5.76,vehicle,veh-1,veh-1:accelerator,accelerator,1,0,0,0,0.3997491059999987,0.0694008864583331,1,51.49578211991784,,268435456,1073741824,"{""accelerator"":1,""cpu"":1,""encoder"":1}","{""accelerator"":8,""cpu"":8,""encoder"":8}",,,,,,,
5.76,vehicle,veh-1,veh-1:cpu,cpu,1,0,1,0.005303824700000241,0.04385167899999998,0.007613138715277774,1,51.49578211991784,,268435456,1073741824,"{""accelerator"":1,""cpu"":1,""encoder"":1}","{""accelerator"":8,""cpu"":8,""encoder"":8}",,,,,,,
5.76,vehicle,veh-1,veh-1:encoder,encoder,1,0,0,0,0.022314720000000343,0.003874083333333393,1,51.49578211991784,,268435456,1073741824,"{""accelerator"":1,""cpu"":1,""encoder"":1}","{""accelerator"":8,""cpu"":8,""encoder"":8}",,,,,,,
5.76,vehicle,veh-2,veh-2:accelerator,accelerator,1,0,0,0,0.2926265868571425,0.050803226884920574,1,40.56069653054596,,0,805306368,"{""accelerator"":0,""cpu"":0,""encoder"":0}","{""accelerator"":6,""cpu"":6,""encoder"":6}",,,,,,,
5.76,vehicle,veh-2,veh-2:cpu,cpu,1,0,0,0,0.025714285714286023,0.004464285714285768,1,40.56069653054596,,0,805306368,"{""accelerator"":0,""cpu"":0,""encoder"":0}","{""accelerator"":6,""cpu"":6,""encoder"":6}",,,,,,,
5.76,vehicle,veh-2,veh-2:encoder,encoder,1,0,0,0,0.025397199999999787,0.004409236111111074,1,40.56069653054596,,0,805306368,"{""accelerator"":0,""cpu"":0,""encoder"":0}","{""accelerator"":6,""cpu"":6,""encoder"":6}",,,,,,,
5.76,rsu,rsu-1,rsu-1:ingress,rsu_ingress_cpu,1,0,0,0,0.009000000000000119,0.0015625000000000207,1,417.64528726462805,0.0,,,,,0,16,0,8589934592,0.0,30.0,False
5.76,rsu,rsu-1,rsu-1:gpu,rsu_gpu,2,0,0,0,0.05880379400000013,0.005104496006944456,1,417.64528726462805,0.0,,,,,0,16,0,8589934592,0.0,30.0,False
5.76,rsu,rsu-2,rsu-2:ingress,rsu_ingress_cpu,1,0,0,0,0.004285714285714448,0.0007440476190476473,1,335.11055556117634,0.0,,,,,0,10,0,6442450944,0.0,18.0,False
5.76,rsu,rsu-2,rsu-2:gpu,rsu_gpu,1,0,0,0,0.029353211428571058,0.005096043650793586,1,335.11055556117634,0.0,,,,,0,10,0,6442450944,0.0,18.0,False
5.767576892428572,vehicle,veh-1,veh-1:accelerator,accelerator,1,0,0,0,0.3997491059999987,0.06930971419293468,1,51.589356741410704,,268435456,1073741824,"{""accelerator"":1,""cpu"":1,""encoder"":1}","{""accelerator"":8,""cpu"":8,""encoder"":8}",,,,,,,
5.767576892428572,vehicle,veh-1,veh-1:cpu,cpu,1,0,0,0,0.051428571428572156,0.008916841923006763,1,51.589356741410704,,268435456,1073741824,"{""accelerator"":1,""cpu"":1,""encoder"":1}","{""accelerator"":8,""cpu"":8,""encoder"":8}",,,,,,,
5.767576892428572,vehicle,veh-1,veh-1:encoder,encoder,1,0,1,0.00745912,0.022314720000000343,0.003868993932147511,1,51.589356741410704,,268435456,1073741824,"{""accelerator"":1,""cpu"":1,""encoder"":1}","{""accelerator"":8,""cpu"":8,""encoder"":8}",,,,,,,
5.767576892428572,vehicle,veh-2,veh-2:accelerator,accelerator,1,0,0,0,0.2926265868571425,0.05073648645088549,1,40.60994633133168,,0,805306368,"{""accelerator"":0,""cpu"":0,""encoder"":0}","{""accelerator"":6,""cpu"":6,""encoder"":6}",,,,,,,
5.767576892428572,vehicle,veh-2,veh-2:cpu,cpu,1,0,0,0,0.025714285714286023,0.004458420961503372,1,40.60994633133168,,0,805306368,"{""accelerator"":0,""cpu"":0,""encoder"":0}","{""accelerator"":6,""cpu"":6,""encoder"":6}",,,,,,,
5.767576892428572,vehicle,veh-2,veh-2:encoder,encoder,1,0,0,0,0.025397199999999787,0.0044034436772468774,1,40.60994633133168,,0,805306368,"{""accelerator"":0,""cpu"":0,""encoder"":0}","{""accelerator"":6,""cpu"":6,""encoder"":6}",,,,,,,
5.767576892428572,rsu,rsu-1,rsu-1:ingress,rsu_ingress_cpu,1,0,0,0,0.009000000000000119,0.001560447336526182,1,418.19082351948526,0.0,,,,,0,16,0,8589934592,0.0,30.0,False
5.767576892428572,rsu,rsu-1,rsu-1:gpu,rsu_gpu,2,0,0,0,0.05880379400000013,0.005097790206940738,1,418.19082351948526,0.0,,,,,0,16,0,8589934592,0.0,30.0,False
5.767576892428572,rsu,rsu-2,rsu-2:ingress,rsu_ingress_cpu,1,0,0,0,0.004285714285714448,0.0007430701602505812,1,335.5500153220335,0.0,,,,,0,10,0,6442450944,0.0,18.0,False
5.767576892428572,rsu,rsu-2,rsu-2:gpu,rsu_gpu,1,0,0,0,0.029353211428571058,0.0050893489546892205,1,335.5500153220335,0.0,,,,,0,10,0,6442450944,0.0,18.0,False
5.778232778142858,vehicle,veh-1,veh-1:accelerator,accelerator,1,0,0,0,0.3997491059999987,0.06918189719045541,1,51.72249780998214,,268435456,1073741824,"{""accelerator"":1,""cpu"":0,""encoder"":0}","{""accelerator"":8,""cpu"":8,""encoder"":8}",,,,,,,
5.778232778142858,vehicle,veh-1,veh-1:cpu,cpu,1,0,0,0,0.051428571428572156,0.008900397994194596,1,51.72249780998214,,268435456,1073741824,"{""accelerator"":1,""cpu"":0,""encoder"":0}","{""accelerator"":8,""cpu"":8,""encoder"":8}",,,,,,,
5.778232778142858,vehicle,veh-1,veh-1:encoder,encoder,1,0,0,0,0.032970605714286116,0.005706001641021283,1,51.72249780998214,,268435456,1073741824,"{""accelerator"":1,""cpu"":0,""encoder"":0}","{""accelerator"":8,""cpu"":8,""encoder"":8}",,,,,,,
5.778232778142858,vehicle,veh-2,veh-2:accelerator,accelerator,1,0,0,0,0.2926265868571425,0.050642921130497204,1,40.679209588474535,,0,805306368,"{""accelerator"":0,""cpu"":0,""encoder"":0}","{""accelerator"":6,""cpu"":6,""encoder"":6}",,,,,,,
5.778232778142858,vehicle,veh-2,veh-2:cpu,cpu,1,0,0,0,0.025714285714286023,0.004450198997097288,1,40.679209588474535,,0,805306368,"{""accelerator"":0,""cpu"":0,""encoder"":0}","{""accelerator"":6,""cpu"":6,""encoder"":6}",,,,,,,
5.778232778142858,vehicle,veh-2,veh-2:encoder,encoder,1,0,0,0,0.025397199999999787,0.004395323098797437,1,40.679209588474535,,0,805306368,"{""accelerator"":0,""cpu"":0,""encoder"":0}","{""accelerator"":6,""cpu"":6,""encoder"":6}",,,,,,,
5.778232778142858,rsu,rsu-1,rsu-1:ingress,rsu_ingress_cpu,1,0,0,0,0.009000000000000119,0.0015575696489840529,1,418.95804729091384,0.0,,,,,0,16,0,8589934592,0.0,30.0,False
5.778232778142858,rsu,rsu-1,rsu-1:gpu,rsu_gpu,2,0,0,0,0.05880379400000013,0.0050883891544171965,1,418.95804729091384,0.0,,,,,0,16,0,8589934592,0.0,30.0,False
5.778232778142858,rsu,rsu-2,rsu-2:ingress,rsu_ingress_cpu,1,0,0,0,0.004285714285714448,0.0007416998328495673,1,336.16805669346206,0.0,,,,,0,10,0,6442450944,0.0,18.0,False
5.778232778142858,rsu,rsu-2,rsu-2:gpu,rsu_gpu,1,0,0,0,0.029353211428571058,0.005079963469039279,1,336.16805669346206,0.0,,,,,0,10,0,6442450944,0.0,18.0,False
5.779032778142858,vehicle,veh-1,veh-1:accelerator,accelerator,1,0,0,0,0.3997491059999987,0.06917232023876174,1,51.72901780998214,,268435456,1073741824,"{""accelerator"":1,""cpu"":0,""encoder"":0}","{""accelerator"":8,""cpu"":8,""encoder"":8}",,,,,,,
5.779032778142858,vehicle,veh-1,veh-1:cpu,cpu,1,0,0,0,0.051428571428572156,0.008899165899020766,1,51.72901780998214,,268435456,1073741824,"{""accelerator"":1,""cpu"":0,""encoder"":0}","{""accelerator"":8,""cpu"":8,""encoder"":8}",,,,,,,
5.779032778142858,vehicle,veh-1,veh-1:encoder,encoder,1,0,0,0,0.032970605714286116,0.005705211750828917,1,51.72901780998214,,268435456,1073741824,"{""accelerator"":1,""cpu"":0,""encoder"":0}","{""accelerator"":8,""cpu"":8,""encoder"":8}",,,,,,,
5.779032778142858,vehicle,veh-2,veh-2:accelerator,accelerator,1,0,0,0,0.2926265868571425,0.050635910556503294,1,40.68440958847454,,0,805306368,"{""accelerator"":0,""cpu"":0,""encoder"":0}","{""accelerator"":6,""cpu"":6,""encoder"":6}",,,,,,,
5.779032778142858,vehicle,veh-2,veh-2:cpu,cpu,1,0,0,0,0.025714285714286023,0.004449582949510373,1,40.68440958847454,,0,805306368,"{""accelerator"":0,""cpu"":0,""encoder"":0}","{""accelerator"":6,""cpu"":6,""encoder"":6}",,,,,,,
5.779032778142858,vehicle,veh-2,veh-2:encoder,encoder,1,0,0,0,0.025397199999999787,0.004394714647761765,1,40.68440958847454,,0,805306368,"{""accelerator"":0,""cpu"":0,""encoder"":0}","{""accelerator"":6,""cpu"":6,""encoder"":6}",,,,,,,
5.779032778142858,rsu,rsu-1,rsu-1:ingress,rsu_ingress_cpu,1,0,0,0,0.009000000000000119,0.0015573540323286326,1,419.0156472909138,0.0,,,,,0,16,0,8589934592,0.0,30.0,False
5.779032778142858,rsu,rsu-1,rsu-1:gpu,rsu_gpu,2,0,0,0,0.05880379400000013,0.005087684761228958,1,419.0156472909138,0.0,,,,,0,16,0,8589934592,0.0,30.0,False
5.779032778142858,rsu,rsu-2,rsu-2:ingress,rsu_ingress_cpu,1,0,0,0,0.004285714285714448,0.0007415971582517481,1,336.21445669346207,0.0,,,,,0,10,0,6442450944,0.0,18.0,False
5.779032778142858,rsu,rsu-2,rsu-2:gpu,rsu_gpu,1,0,0,0,0.029353211428571058,0.005079260242231048,1,336.21445669346207,0.0,,,,,0,10,0,6442450944,0.0,18.0,False
5.79,vehicle,veh-1,veh-1:accelerator,accelerator,1,0,0,0,0.3997491059999987,0.06904129637305677,1,51.85459250024642,,268435456,1073741824,"{""accelerator"":1,""cpu"":0,""encoder"":0}","{""accelerator"":8,""cpu"":8,""encoder"":8}",,,,,,,
5.79,vehicle,veh-1,veh-1:cpu,cpu,1,0,0,0,0.051428571428572156,0.008882309400444242,1,51.85459250024642,,268435456,1073741824,"{""accelerator"":1,""cpu"":0,""encoder"":0}","{""accelerator"":8,""cpu"":8,""encoder"":8}",,,,,,,
5.79,vehicle,veh-1,veh-1:encoder,encoder,1,0,0,0,0.032970605714286116,0.005694405132001056,1,51.85459250024642,,268435456,1073741824,"{""accelerator"":1,""cpu"":0,""encoder"":0}","{""accelerator"":8,""cpu"":8,""encoder"":8}",,,,,,,
5.79,vehicle,veh-2,veh-2:accelerator,accelerator,1,0,0,0,0.2926265868571425,0.050539997730076426,1,40.75569653054596,,0,805306368,"{""accelerator"":0,""cpu"":0,""encoder"":0}","{""accelerator"":6,""cpu"":6,""encoder"":6}",,,,,,,
5.79,vehicle,veh-2,veh-2:cpu,cpu,1,0,0,0,0.025714285714286023,0.004441154700222111,1,40.75569653054596,,0,805306368,"{""accelerator"":0,""cpu"":0,""encoder"":0}","{""accelerator"":6,""cpu"":6,""encoder"":6}",,,,,,,
5.79,vehicle,veh-2,veh-2:encoder,encoder,1,0,0,0,0.025397199999999787,0.00438639032815195,1,40.75569653054596,,0,805306368,"{""accelerator"":0,""cpu"":0,""encoder"":0}","{""accelerator"":6,""cpu"":6,""encoder"":6}",,,,,,,
5.79,rsu,rsu-1,rsu-1:ingress,rsu_ingress_cpu,1,0,0,0,0.009000000000000119,0.0015544041450777407,1,419.82009301413524,0.0,,,,,0,16,0,8589934592,0.0,30.0,False
5.79,rsu,rsu-1,rsu-1:gpu,rsu_gpu,2,0,0,0,0.05880379400000013,0.0050780478411053655,1,419.82009301413524,0.0,,,,,0,16,0,8589934592,0.0,30.0,False
5.79,rsu,rsu-2,rsu-2:ingress,rsu_ingress_cpu,1,0,0,0,0.004285714285714448,0.0007401924500370377,1,336.85055556117635,0.0,,,,,0,10,0,6442450944,0.0,18.0,False
5.79,rsu,rsu-2,rsu-2:gpu,rsu_gpu,1,0,0,0,0.029353211428571058,0.005069639279545951,1,336.85055556117635,0.0,,,,,0,10,0,6442450944,0.0,18.0,False
5.847551684722134,vehicle,veh-1,veh-1:accelerator,accelerator,1,0,0,0,0.3997491059999987,0.06836179097731124,1,52.51355929031486,,268435456,1073741824,"{""accelerator"":1,""cpu"":0,""encoder"":0}","{""accelerator"":8,""cpu"":8,""encoder"":8}",,,,,,,
5.847551684722134,vehicle,veh-1,veh-1:cpu,cpu,1,0,0,0,0.051428571428572156,0.008794889588225325,1,52.51355929031486,,268435456,1073741824,"{""accelerator"":1,""cpu"":0,""encoder"":0}","{""accelerator"":8,""cpu"":8,""encoder"":8}",,,,,,,
5.847551684722134,vehicle,veh-1,veh-1:encoder,encoder,1,0,0,0,0.032970605714286116,0.005638360717773258,1,52.51355929031486,,268435456,1073741824,"{""accelerator"":1,""cpu"":0,""encoder"":0}","{""accelerator"":8,""cpu"":8,""encoder"":8}",,,,,,,
5.847551684722134,vehicle,veh-2,veh-2:accelerator,accelerator,1,0,0,0,0.2926265868571425,0.050042582371984216,1,41.129782481239836,,0,805306368,"{""accelerator"":0,""cpu"":0,""encoder"":0}","{""accelerator"":6,""cpu"":6,""encoder"":6}",,,,,,,
5.847551684722134,vehicle,veh-2,veh-2:cpu,cpu,1,0,0,0,0.025714285714286023,0.004397444794112653,1,41.129782481239836,,0,805306368,"{""accelerator"":0,""cpu"":0,""encoder"":0}","{""accelerator"":6,""cpu"":6,""encoder"":6}",,,,,,,
5.847551684722134,vehicle,veh-2,veh-2:encoder,encoder,1,0,0,0,0.025397199999999787,0.0043432194137513844,1,41.129782481239836,,0,805306368,"{""accelerator"":0,""cpu"":0,""encoder"":0}","{""accelerator"":6,""cpu"":6,""encoder"":6}",,,,,,,
5.847551684722134,rsu,rsu-1,rsu-1:ingress,rsu_ingress_cpu,1,0,1,0.003,0.009000000000000119,0.0015391056779394305,1,424.0415090885038,0.0,,,,,1,16,805306368,8589934592,0.03,30.0,False
5.847551684722134,rsu,rsu-1,rsu-1:gpu,rsu_gpu,2,0,0,0,0.05880379400000013,0.005028069623876645,1,424.0415090885038,0.0,,,,,1,16,805306368,8589934592,0.03,30.0,False
5.847551684722134,rsu,rsu-2,rsu-2:ingress,rsu_ingress_cpu,1,0,0,0,0.004285714285714448,0.0007329074656854611,1,340.18855327506014,0.0,,,,,0,10,0,6442450944,0.0,18.0,False
5.847551684722134,rsu,rsu-2,rsu-2:gpu,rsu_gpu,1,0,0,0,0.029353211428571058,0.005019743819496633,1,340.18855327506014,0.0,,,,,0,10,0,6442450944,0.0,18.0,False
5.851837399007849,vehicle,veh-1,veh-1:accelerator,accelerator,1,0,0,0,0.3997491059999987,0.06831172480420837,1,52.54848786174343,,268435456,1073741824,"{""accelerator"":1,""cpu"":0,""encoder"":0}","{""accelerator"":8,""cpu"":8,""encoder"":8}",,,,,,,
5.851837399007849,vehicle,veh-1,veh-1:cpu,cpu,1,0,0,0,0.051428571428572156,0.0087884484687308,1,52.54848786174343,,268435456,1073741824,"{""accelerator"":1,""cpu"":0,""encoder"":0}","{""accelerator"":8,""cpu"":8,""encoder"":8}",,,,,,,
5.851837399007849,vehicle,veh-1,veh-1:encoder,encoder,1,0,0,0,0.032970605714286116,0.005634231347555235,1,52.54848786174343,,268435456,1073741824,"{""accelerator"":1,""cpu"":0,""encoder"":0}","{""accelerator"":8,""cpu"":8,""encoder"":8}",,,,,,,
5.851837399007849,vehicle,veh-2,veh-2:accelerator,accelerator,1,0,0,0,0.2926265868571425,0.050005932650616015,1,41.15763962409698,,0,805306368,"{""accelerator"":0,""cpu"":0,""encoder"":0}","{""accelerator"":6,""cpu"":6,""encoder"":6}",,,,,,,
5.851837399007849,vehicle,veh-2,veh-2:cpu,cpu,1,0,0,0,0.025714285714286023,0.00439422423436539,1,41.15763962409698,,0,805306368,"{""accelerator"":0,""cpu"":0,""encoder"":0}","{""accelerator"":6,""cpu"":6,""encoder"":6}",,,,,,,
5.851837399007849,vehicle,veh-2,veh-2:encoder,encoder,1,0,0,0,0.025397199999999787,0.004340038567084205,1,41.15763962409698,,0,805306368,"{""accelerator"":0,""cpu"":0,""encoder"":0}","{""accelerator"":6,""cpu"":6,""encoder"":6}",,,,,,,
5.851837399007849,rsu,rsu-1,rsu-1:ingress,rsu_ingress_cpu,1,0,0,0,0.013285714285714567,0.0022703491877554727,1,424.40422337421813,0.0,,,,,1,16,805306368,8589934592,0.03,30.0,False
5.851837399007849,rsu,rsu-1,rsu-1:gpu,rsu_gpu,2,0,1,0.018679316,0.05880379400000013,0.0050243872129777595,1,424.40422337421813,0.0,,,,,1,16,805306368,8589934592,0.03,30.0,False
5.851837399007849,rsu,rsu-2,rsu-2:ingress,rsu_ingress_cpu,1,0,0,0,0.004285714285714448,0.0007323707057275841,1,340.4371247036316,0.0,,,,,0,10,0,6442450944,0.0,18.0,False
5.851837399007849,rsu,rsu-2,rsu-2:gpu,rsu_gpu,1,0,0,0,0.029353211428571058,0.005016067506172977,1,340.4371247036316,0.0,,,,,0,10,0,6442450944,0.0,18.0,False
5.878522136150706,vehicle,veh-1,veh-1:accelerator,accelerator,1,0,0,0,0.3997491059999987,0.06800163318969094,1,52.76596846945772,,268435456,1073741824,"{""accelerator"":1,""cpu"":0,""encoder"":0}","{""accelerator"":8,""cpu"":8,""encoder"":8}",,,,,,,
5.878522136150706,vehicle,veh-1,veh-1:cpu,cpu,1,0,0,0,0.051428571428572156,0.00874855452398584,1,52.76596846945772,,268435456,1073741824,"{""accelerator"":1,""cpu"":0,""encoder"":0}","{""accelerator"":8,""cpu"":8,""encoder"":8}",,,,,,,
5.878522136150706,vehicle,veh-1,veh-1:encoder,encoder,1,0,0,0,0.032970605714286116,0.005608655534616304,1,52.76596846945772,,268435456,1073741824,"{""accelerator"":1,""cpu"":0,""encoder"":0}","{""accelerator"":8,""cpu"":8,""encoder"":8}",,,,,,,
5.878522136150706,vehicle,veh-2,veh-2:accelerator,accelerator,1,0,0,0,0.2926265868571425,0.049778937644480194,1,41.33109041552555,,0,805306368,"{""accelerator"":0,""cpu"":0,""encoder"":0}","{""accelerator"":6,""cpu"":6,""encoder"":6}",,,,,,,
5.878522136150706,vehicle,veh-2,veh-2:cpu,cpu,1,0,0,0,0.025714285714286023,0.00437427726199291,1,41.33109041552555,,0,805306368,"{""accelerator"":0,""cpu"":0,""encoder"":0}","{""accelerator"":6,""cpu"":6,""encoder"":6}",,,,,,,
5.878522136150706,vehicle,veh-2,veh-2:encoder,encoder,1,0,0,0,0.025397199999999787,0.004320337563044381,1,41.33109041552555,,0,805306368,"{""accelerator"":0,""cpu"":0,""encoder"":0}","{""accelerator"":6,""cpu"":6,""encoder"":6}",,,,,,,
5.878522136150706,rsu,rsu-1,rsu-1:ingress,rsu_ingress_cpu,1,0,0,0,0.013285714285714567,0.0022600432520296907,1,427.08603947407533,0.0,,,,,0,16,0,8589934592,0.0,30.0,False
5.878522136150706,rsu,rsu-1,rsu-1:gpu,rsu_gpu,2,0,0,0,0.08548853114285748,0.007271260459932189,1,427.08603947407533,0.0,,,,,0,16,0,8589934592,0.0,30.0,False
5.878522136150706,rsu,rsu-2,rsu-2:ingress,rsu_ingress_cpu,1,0,0,0,0.004285714285714448,0.0007290462103321705,1,341.9848394579173,0.0,,,,,0,10,0,6442450944,0.0,18.0,False
5.878522136150706,rsu,rsu-2,rsu-2:gpu,rsu_gpu,1,0,0,0,0.029353211428571058,0.004993297762384838,1,341.9848394579173,0.0,,,,,0,10,0,6442450944,0.0,18.0,False
5.878624133009689,vehicle,veh-1,veh-1:accelerator,accelerator,1,0,0,0,0.3997491059999987,0.06800045332977234,1,52.76692214008921,,268435456,1073741824,"{""accelerator"":1,""cpu"":0,""encoder"":0}","{""accelerator"":8,""cpu"":8,""encoder"":8}",,,,,,,
5.878624133009689,vehicle,veh-1,veh-1:cpu,cpu,1,0,0,0,0.051428571428572156,0.008748402732501659,1,52.76692214008921,,268435456,1073741824,"{""accelerator"":1,""cpu"":0,""encoder"":0}","{""accelerator"":8,""cpu"":8,""encoder"":8}",,,,,,,
5.878624133009689,vehicle,veh-1,veh-1:encoder,encoder,1,0,0,0,0.032970605714286116,0.005608558221837888,1,52.76692214008921,,268435456,1073741824,"{""accelerator"":1,""cpu"":0,""encoder"":0}","{""accelerator"":8,""cpu"":8,""encoder"":8}",,,,,,,
5.878624133009689,vehicle,veh-2,veh-2:accelerator,accelerator,1,0,0,0,0.2926265868571425,0.04977807395679267,1,41.33175339510894,,0,805306368,"{""accelerator"":0,""cpu"":0,""encoder"":0}","{""accelerator"":6,""cpu"":6,""encoder"":6}",,,,,,,
5.878624133009689,vehicle,veh-2,veh-2:cpu,cpu,1,0,0,0,0.025714285714286023,0.00437420136625082,1,41.33175339510894,,0,805306368,"{""accelerator"":0,""cpu"":0,""encoder"":0}","{""accelerator"":6,""cpu"":6,""encoder"":6}",,,,,,,
5.878624133009689,vehicle,veh-2,veh-2:encoder,encoder,1,0,0,0,0.025397199999999787,0.004320262603181119,1,41.33175339510894,,0,805306368,"{""accelerator"":0,""cpu"":0,""encoder"":0}","{""accelerator"":6,""cpu"":6,""encoder"":6}",,,,,,,
5.878624133009689,rsu,rsu-1,rsu-1:ingress,rsu_ingress_cpu,1,0,0,0,0.013285714285714567,0.0022600040392296112,1,427.0938728328452,0.0,,,,,0,16,0,8589934592,0.0,30.0,False
5.878624133009689,rsu,rsu-1,rsu-1:gpu,rsu_gpu,2,0,0,0,0.08548853114285748,0.0072711343001861375,1,427.0938728328452,0.0,,,,,0,16,0,8589934592,0.0,30.0,False
5.878624133009689,rsu,rsu-2,rsu-2:ingress,rsu_ingress_cpu,1,0,0,0,0.004285714285714448,0.0007290335610418222,1,341.9907552757383,0.0,,,,,0,10,0,6442450944,0.0,18.0,False
5.878624133009689,rsu,rsu-2,rsu-2:gpu,rsu_gpu,1,0,0,0,0.029353211428571058,0.004993211126349567,1,341.9907552757383,0.0,,,,,0,10,0,6442450944,0.0,18.0,False
5.87862413300969,vehicle,veh-1,veh-1:accelerator,accelerator,1,0,0,0,0.3997491059999987,0.06800045332977232,1,52.766922140089214,,0,1073741824,"{""accelerator"":0,""cpu"":0,""encoder"":0}","{""accelerator"":8,""cpu"":8,""encoder"":8}",,,,,,,
5.87862413300969,vehicle,veh-1,veh-1:cpu,cpu,1,0,0,0,0.051428571428572156,0.008748402732501657,1,52.766922140089214,,0,1073741824,"{""accelerator"":0,""cpu"":0,""encoder"":0}","{""accelerator"":8,""cpu"":8,""encoder"":8}",,,,,,,
5.87862413300969,vehicle,veh-1,veh-1:encoder,encoder,1,0,0,0,0.032970605714286116,0.005608558221837887,1,52.766922140089214,,0,1073741824,"{""accelerator"":0,""cpu"":0,""encoder"":0}","{""accelerator"":8,""cpu"":8,""encoder"":8}",,,,,,,
5.87862413300969,vehicle,veh-2,veh-2:accelerator,accelerator,1,0,0,0,0.2926265868571425,0.049778073956792665,1,41.33175339510895,,0,805306368,"{""accelerator"":0,""cpu"":0,""encoder"":0}","{""accelerator"":6,""cpu"":6,""encoder"":6}",,,,,,,
5.87862413300969,vehicle,veh-2,veh-2:cpu,cpu,1,0,0,0,0.025714285714286023,0.004374201366250819,1,41.33175339510895,,0,805306368,"{""accelerator"":0,""cpu"":0,""encoder"":0}","{""accelerator"":6,""cpu"":6,""encoder"":6}",,,,,,,
5.87862413300969,vehicle,veh-2,veh-2:encoder,encoder,1,0,0,0,0.025397199999999787,0.004320262603181118,1,41.33175339510895,,0,805306368,"{""accelerator"":0,""cpu"":0,""encoder"":0}","{""accelerator"":6,""cpu"":6,""encoder"":6}",,,,,,,
5.87862413300969,rsu,rsu-1,rsu-1:ingress,rsu_ingress_cpu,1,0,0,0,0.013285714285714567,0.002260004039229611,1,427.09387283284525,0.0,,,,,0,16,0,8589934592,0.0,30.0,False
5.87862413300969,rsu,rsu-1,rsu-1:gpu,rsu_gpu,2,0,0,0,0.08548853114285748,0.007271134300186136,1,427.09387283284525,0.0,,,,,0,16,0,8589934592,0.0,30.0,False
5.87862413300969,rsu,rsu-2,rsu-2:ingress,rsu_ingress_cpu,1,0,0,0,0.004285714285714448,0.0007290335610418221,1,341.99075527573837,0.0,,,,,0,10,0,6442450944,0.0,18.0,False
5.87862413300969,rsu,rsu-2,rsu-2:gpu,rsu_gpu,1,0,0,0,0.029353211428571058,0.004993211126349566,1,341.99075527573837,0.0,,,,,0,10,0,6442450944,0.0,18.0,False
6.0,vehicle,veh-1,veh-1:accelerator,accelerator,1,0,0,0,0.3997491059999987,0.06662485099999978,1,53.737929076011696,,0,1073741824,"{""accelerator"":0,""cpu"":0,""encoder"":0}","{""accelerator"":8,""cpu"":8,""encoder"":8}",,,,,,,
6.0,vehicle,veh-1,veh-1:cpu,cpu,1,0,0,0,0.051428571428572156,0.008571428571428693,1,53.737929076011696,,0,1073741824,"{""accelerator"":0,""cpu"":0,""encoder"":0}","{""accelerator"":8,""cpu"":8,""encoder"":8}",,,,,,,
6.0,vehicle,veh-1,veh-1:encoder,encoder,1,0,0,0,0.032970605714286116,0.00549510095238102,1,53.737929076011696,,0,1073741824,"{""accelerator"":0,""cpu"":0,""encoder"":0}","{""accelerator"":8,""cpu"":8,""encoder"":8}",,,,,,,
6.0,vehicle,veh-2,veh-2:accelerator,accelerator,1,0,0,0,0.2926265868571425,0.048771097809523746,1,42.12069653054596,,0,805306368,"{""accelerator"":0,""cpu"":0,""encoder"":0}","{""accelerator"":6,""cpu"":6,""encoder"":6}",,,,,,,
6.0,vehicle,veh-2,veh-2:cpu,cpu,1,0,0,0,0.025714285714286023,0.004285714285714337,1,42.12069653054596,,0,805306368,"{""accelerator"":0,""cpu"":0,""encoder"":0}","{""accelerator"":6,""cpu"":6,""encoder"":6}",,,,,,,
6.0,vehicle,veh-2,veh-2:encoder,encoder,1,0,0,0,0.025397199999999787,0.004232866666666631,1,42.12069653054596,,0,805306368,"{""accelerator"":0,""cpu"":0,""encoder"":0}","{""accelerator"":6,""cpu"":6,""encoder"":6}",,,,,,,
6.0,rsu,rsu-1,rsu-1:ingress,rsu_ingress_cpu,1,0,0,0,0.013285714285714567,0.002214285714285761,1,435.8329352561476,0.0,,,,,0,16,0,8589934592,0.0,30.0,False
6.0,rsu,rsu-1,rsu-1:gpu,rsu_gpu,2,0,0,0,0.08548853114285748,0.00712404426190479,1,435.8329352561476,0.0,,,,,0,16,0,8589934592,0.0,30.0,False
6.0,rsu,rsu-2,rsu-2:ingress,rsu_ingress_cpu,1,0,0,0,0.004285714285714448,0.0007142857142857414,1,349.03055556117636,0.0,,,,,0,10,0,6442450944,0.0,18.0,False
6.0,rsu,rsu-2,rsu-2:gpu,rsu_gpu,1,0,0,0,0.029353211428571058,0.004892201904761843,1,349.03055556117636,0.0,,,,,0,10,0,6442450944,0.0,18.0,False
6.04,vehicle,veh-1,veh-1:accelerator,accelerator,1,0,0,0,0.3997491059999987,0.06618362682119183,1,54.057929076011696,,0,1073741824,"{""accelerator"":0,""cpu"":0,""encoder"":0}","{""accelerator"":8,""cpu"":8,""encoder"":8}",,,,,,,
6.04,vehicle,veh-1,veh-1:cpu,cpu,1,0,0,0,0.051428571428572156,0.008514664143803337,1,54.057929076011696,,0,1073741824,"{""accelerator"":0,""cpu"":0,""encoder"":0}","{""accelerator"":8,""cpu"":8,""encoder"":8}",,,,,,,
6.04,vehicle,veh-1,veh-1:encoder,encoder,1,0,0,0,0.032970605714286116,0.005458709555345383,1,54.057929076011696,,0,1073741824,"{""accelerator"":0,""cpu"":0,""encoder"":0}","{""accelerator"":8,""cpu"":8,""encoder"":8}",,,,,,,
6.04,vehicle,veh-2,veh-2:accelerator,accelerator,1,0,0,0,0.2926265868571425,0.04844811040681167,1,42.38069653054596,,0,805306368,"{""accelerator"":0,""cpu"":0,""encoder"":0}","{""accelerator"":6,""cpu"":6,""encoder"":6}",,,,,,,
6.04,vehicle,veh-2,veh-2:cpu,cpu,1,0,0,0,0.025714285714286023,0.004257332071901659,1,42.38069653054596,,0,805306368,"{""accelerator"":0,""cpu"":0,""encoder"":0}","{""accelerator"":6,""cpu"":6,""encoder"":6}",,,,,,,
6.04,vehicle,veh-2,veh-2:encoder,encoder,1,0,0,0,0.025397199999999787,0.004204834437086058,1,42.38069653054596,,0,805306368,"{""accelerator"":0,""cpu"":0,""encoder"":0}","{""accelerator"":6,""cpu"":6,""encoder"":6}",,,,,,,
6.04,rsu,rsu-1,rsu-1:ingress,rsu_ingress_cpu,1,0,0,0,0.013285714285714567,0.002199621570482544,1,438.7129352561476,0.0,,,,,0,16,0,8589934592,0.0,30.0,False
6.04,rsu,rsu-1,rsu-1:gpu,rsu_gpu,2,0,0,0,0.08548853114285748,0.007076865160832573,1,438.7129352561476,0.0,,,,,0,16,0,8589934592,0.0,30.0,False
6.04,rsu,rsu-2,rsu-2:ingress,rsu_ingress_cpu,1,0,0,0,0.004285714285714448,0.0007095553453169616,1,351.35055556117635,0.0,,,,,0,10,0,6442450944,0.0,18.0,False
6.04,rsu,rsu-2,rsu-2:gpu,rsu_gpu,1,0,0,0,0.029353211428571058,0.004859803216650837,1,351.35055556117635,0.0,,,,,0,10,0,6442450944,0.0,18.0,False
6.25,vehicle,veh-1,veh-1:accelerator,accelerator,1,0,0,0,0.3997491059999987,0.06395985695999978,1,55.737929076011696,,0,1073741824,"{""accelerator"":0,""cpu"":0,""encoder"":0}","{""accelerator"":8,""cpu"":8,""encoder"":8}",,,,,,,
6.25,vehicle,veh-1,veh-1:cpu,cpu,1,0,0,0,0.051428571428572156,0.008228571428571545,1,55.737929076011696,,0,1073741824,"{""accelerator"":0,""cpu"":0,""encoder"":0}","{""accelerator"":8,""cpu"":8,""encoder"":8}",,,,,,,
6.25,vehicle,veh-1,veh-1:encoder,encoder,1,0,0,0,0.032970605714286116,0.005275296914285779,1,55.737929076011696,,0,1073741824,"{""accelerator"":0,""cpu"":0,""encoder"":0}","{""accelerator"":8,""cpu"":8,""encoder"":8}",,,,,,,
6.25,vehicle,veh-2,veh-2:accelerator,accelerator,1,0,0,0,0.2926265868571425,0.0468202538971428,1,43.74569653054596,,0,805306368,"{""accelerator"":0,""cpu"":0,""encoder"":0}","{""accelerator"":6,""cpu"":6,""encoder"":6}",,,,,,,
6.25,vehicle,veh-2,veh-2:cpu,cpu,1,0,0,0,0.025714285714286023,0.004114285714285764,1,43.74569653054596,,0,805306368,"{""accelerator"":0,""cpu"":0,""encoder"":0}","{""accelerator"":6,""cpu"":6,""encoder"":6}",,,,,,,
6.25,vehicle,veh-2,veh-2:encoder,encoder,1,0,0,0,0.025397199999999787,0.004063551999999966,1,43.74569653054596,,0,805306368,"{""accelerator"":0,""cpu"":0,""encoder"":0}","{""accelerator"":6,""cpu"":6,""encoder"":6}",,,,,,,
6.25,rsu,rsu-1,rsu-1:ingress,rsu_ingress_cpu,1,0,0,0,0.013285714285714567,0.0021257142857143306,1,453.8329352561476,0.0,,,,,0,16,0,8589934592,0.0,30.0,False
6.25,rsu,rsu-1,rsu-1:gpu,rsu_gpu,2,0,0,0,0.08548853114285748,0.006839082491428599,1,453.8329352561476,0.0,,,,,0,16,0,8589934592,0.0,30.0,False
6.25,rsu,rsu-2,rsu-2:ingress,rsu_ingress_cpu,1,0,0,0,0.004285714285714448,0.0006857142857143117,1,363.53055556117636,0.0,,,,,0,10,0,6442450944,0.0,18.0,False
6.25,rsu,rsu-2,rsu-2:gpu,rsu_gpu,1,0,0,0,0.029353211428571058,0.004696513828571369,1,363.53055556117636,0.0,,,,,0,10,0,6442450944,0.0,18.0,False
6.29,vehicle,veh-1,veh-1:accelerator,accelerator,1,0,0,0,0.3997491059999987,0.06355311701112856,1,56.057929076011696,,0,1073741824,"{""accelerator"":0,""cpu"":0,""encoder"":0}","{""accelerator"":8,""cpu"":8,""encoder"":8}",,,,,,,
6.29,vehicle,veh-1,veh-1:cpu,cpu,1,0,0,0,0.051428571428572156,0.008176243470361232,1,56.057929076011696,,0,1073741824,"{""accelerator"":0,""cpu"":0,""encoder"":0}","{""accelerator"":8,""cpu"":8,""encoder"":8}",,,,,,,
6.29,vehicle,veh-1,veh-1:encoder,encoder,1,0,0,0,0.032970605714286116,0.005241749716102721,1,56.057929076011696,,0,1073741824,"{""accelerator"":0,""cpu"":0,""encoder"":0}","{""accelerator"":8,""cpu"":8,""encoder"":8}",,,,,,,
6.29,vehicle,veh-2,veh-2:accelerator,accelerator,1,0,0,0,0.2926265868571425,0.04652250983420389,1,44.00569653054596,,0,805306368,"{""accelerator"":0,""cpu"":0,""encoder"":0}","{""accelerator"":6,""cpu"":6,""encoder"":6}",,,,,,,
6.29,vehicle,veh-2,veh-2:cpu,cpu,1,0,0,0,0.025714285714286023,0.0040881217351806075,1,44.00569653054596,,0,805306368,"{""accelerator"":0,""cpu"":0,""encoder"":0}","{""accelerator"":6,""cpu"":6,""encoder"":6}",,,,,,,
6.29,vehicle,veh-2,veh-2:encoder,encoder,1,0,0,0,0.025397199999999787,0.004037710651828265,1,44.00569653054596,,0,805306368,"{""accelerator"":0,""cpu"":0,""encoder"":0}","{""accelerator"":6,""cpu"":6,""encoder"":6}",,,,,,,
6.29,rsu,rsu-1,rsu-1:ingress,rsu_ingress_cpu,1,0,0,0,0.013285714285714567,0.0021121962298433334,1,456.7129352561476,0.0,,,,,0,16,0,8589934592,0.0,30.0,False
6.29,rsu,rsu-1,rsu-1:gpu,rsu_gpu,2,0,0,0,0.08548853114285748,0.0067955907108789735,1,456.7129352561476,0.0,,,,,0,16,0,8589934592,0.0,30.0,False
6.29,rsu,rsu-2,rsu-2:ingress,rsu_ingress_cpu,1,0,0,0,0.004285714285714448,0.0006813536225301189,1,365.85055556117635,0.0,,,,,0,10,0,6442450944,0.0,18.0,False
6.29,rsu,rsu-2,rsu-2:gpu,rsu_gpu,1,0,0,0,0.029353211428571058,0.004666647285941345,1,365.85055556117635,0.0,,,,,0,10,0,6442450944,0.0,18.0,False
6.379286821,vehicle,veh-1,veh-1:accelerator,accelerator,1,0,0,0,0.3997491059999987,0.06266360444619969,1,56.772223644011696,,0,1073741824,"{""accelerator"":0,""cpu"":0,""encoder"":0}","{""accelerator"":8,""cpu"":8,""encoder"":8}",,,,,,,
6.379286821,vehicle,veh-1,veh-1:cpu,cpu,1,0,0,0,0.051428571428572156,0.008061805789837546,1,56.772223644011696,,0,1073741824,"{""accelerator"":0,""cpu"":0,""encoder"":0}","{""accelerator"":8,""cpu"":8,""encoder"":8}",,,,,,,
6.379286821,vehicle,veh-1,veh-1:encoder,encoder,1,0,0,0,0.032970605714286116,0.005168384278592091,1,56.772223644011696,,0,1073741824,"{""accelerator"":0,""cpu"":0,""encoder"":0}","{""accelerator"":8,""cpu"":8,""encoder"":8}",,,,,,,
6.379286821,vehicle,veh-2,veh-2:accelerator,accelerator,1,0,1,0.0409648,0.2926265868571425,0.04587136384804707,1,44.58606086704596,,67108864,805306368,"{""accelerator"":1,""cpu"":0,""encoder"":0}","{""accelerator"":6,""cpu"":6,""encoder"":6}",,,,,,,
6.379286821,vehicle,veh-2,veh-2:cpu,cpu,1,0,0,0,0.025714285714286023,0.004030902894918764,1,44.58606086704596,,67108864,805306368,"{""accelerator"":1,""cpu"":0,""encoder"":0}","{""accelerator"":6,""cpu"":6,""encoder"":6}",,,,,,,
6.379286821,vehicle,veh-2,veh-2:encoder,encoder,1,0,0,0,0.025397199999999787,0.003981197383443341,1,44.58606086704596,,67108864,805306368,"{""accelerator"":1,""cpu"":0,""encoder"":0}","{""accelerator"":6,""cpu"":6,""encoder"":6}",,,,,,,
6.379286821,rsu,rsu-1,rsu-1:ingress,rsu_ingress_cpu,1,0,0,0,0.013285714285714567,0.0020826331623747143,1,463.1415863681476,0.0,,,,,0,16,0,8589934592,0.0,30.0,False
6.379286821,rsu,rsu-1,rsu-1:gpu,rsu_gpu,2,0,0,0,0.08548853114285748,0.006700477149062921,1,463.1415863681476,0.0,,,,,0,16,0,8589934592,0.0,30.0,False
6.379286821,rsu,rsu-2,rsu-2:ingress,rsu_ingress_cpu,1,0,0,0,0.004285714285714448,0.0006718171491531448,1,371.02919117917634,0.0,,,,,0,10,0,6442450944,0.0,18.0,False
6.379286821,rsu,rsu-2,rsu-2:gpu,rsu_gpu,1,0,0,0,0.029353211428571058,0.004601331191433986,1,371.02919117917634,0.0,,,,,0,10,0,6442450944,0.0,18.0,False
6.437807963857143,vehicle,veh-1,veh-1:accelerator,accelerator,1,0,0,0,0.3997491059999987,0.06209397798819916,1,57.24039278686884,,0,1073741824,"{""accelerator"":0,""cpu"":0,""encoder"":0}","{""accelerator"":8,""cpu"":8,""encoder"":8}",,,,,,,
6.437807963857143,vehicle,veh-1,veh-1:cpu,cpu,1,0,0,0,0.051428571428572156,0.007988522136307913,1,57.24039278686884,,0,1073741824,"{""accelerator"":0,""cpu"":0,""encoder"":0}","{""accelerator"":8,""cpu"":8,""encoder"":8}",,,,,,,
6.437807963857143,vehicle,veh-1,veh-1:encoder,encoder,1,0,0,0,0.032970605714286116,0.005121402486589882,1,57.24039278686884,,0,1073741824,"{""accelerator"":0,""cpu"":0,""encoder"":0}","{""accelerator"":8,""cpu"":8,""encoder"":8}",,,,,,,
6.437807963857143,vehicle,veh-2,veh-2:accelerator,accelerator,1,0,0,0,0.3511477297142853,0.05454461078765993,1,45.28061035476025,,268435456,805306368,"{""accelerator"":1,""cpu"":1,""encoder"":1}","{""accelerator"":6,""cpu"":6,""encoder"":6}",,,,,,,
6.437807963857143,vehicle,veh-2,veh-2:cpu,cpu,1,0,0,0,0.025714285714286023,0.003994261068153948,1,45.28061035476025,,268435456,805306368,"{""accelerator"":1,""cpu"":1,""encoder"":1}","{""accelerator"":6,""cpu"":6,""encoder"":6}",,,,,,,
6.437807963857143,vehicle,veh-2,veh-2:encoder,encoder,1,0,0,0,0.025397199999999787,0.003945007391115676,1,45.28061035476025,,268435456,805306368,"{""accelerator"":1,""cpu"":1,""encoder"":1}","{""accelerator"":6,""cpu"":6,""encoder"":6}",,,,,,,
6.437807963857143,rsu,rsu-1,rsu-1:ingress,rsu_ingress_cpu,1,0,0,0,0.013285714285714567,0.002063701551879559,1,467.3551086538619,0.0,,,,,0,16,0,8589934592,0.0,30.0,False
6.437807963857143,rsu,rsu-1,rsu-1:gpu,rsu_gpu,2,0,0,0,0.08548853114285748,0.0066395682833973475,1,467.3551086538619,0.0,,,,,0,16,0,8589934592,0.0,30.0,False
6.437807963857143,rsu,rsu-2,rsu-2:ingress,rsu_ingress_cpu,1,0,0,0,0.004285714285714448,0.0006657101780256752,1,374.42341746489063,0.0,,,,,0,10,0,6442450944,0.0,18.0,False
6.437807963857143,rsu,rsu-2,rsu-2:gpu,rsu_gpu,1,0,0,0,0.029353211428571058,0.004559504041339002,1,374.42341746489063,0.0,,,,,0,10,0,6442450944,0.0,18.0,False
6.438607963857143,vehicle,veh-1,veh-1:accelerator,accelerator,1,0,0,0,0.3997491059999987,0.062086262782883136,1,57.24679278686884,,0,1073741824,"{""accelerator"":0,""cpu"":0,""encoder"":0}","{""accelerator"":8,""cpu"":8,""encoder"":8}",,,,,,,
6.438607963857143,vehicle,veh-1,veh-1:cpu,cpu,1,0,0,0,0.051428571428572156,0.00798752955875933,1,57.24679278686884,,0,1073741824,"{""accelerator"":0,""cpu"":0,""encoder"":0}","{""accelerator"":8,""cpu"":8,""encoder"":8}",,,,,,,
6.438607963857143,vehicle,veh-1,veh-1:encoder,encoder,1,0,0,0,0.032970605714286116,0.005120766149976088,1,57.24679278686884,,0,1073741824,"{""accelerator"":0,""cpu"":0,""encoder"":0}","{""accelerator"":8,""cpu"":8,""encoder"":8}",,,,,,,
6.438607963857143,vehicle,veh-2,veh-2:accelerator,accelerator,1,0,1,0.042092169,0.3511477297142853,0.05453783359468979,1,45.28590635476025,,268435456,805306368,"{""accelerator"":1,""cpu"":1,""encoder"":1}","{""accelerator"":6,""cpu"":6,""encoder"":6}",,,,,,,
6.438607963857143,vehicle,veh-2,veh-2:cpu,cpu,1,0,0,0,0.025714285714286023,0.003993764779379657,1,45.28590635476025,,268435456,805306368,"{""accelerator"":1,""cpu"":1,""encoder"":1}","{""accelerator"":6,""cpu"":6,""encoder"":6}",,,,,,,
6.438607963857143,vehicle,veh-2,veh-2:encoder,encoder,1,0,0,0,0.025397199999999787,0.0039445172221334035,1,45.28590635476025,,268435456,805306368,"{""accelerator"":1,""cpu"":1,""encoder"":1}","{""accelerator"":6,""cpu"":6,""encoder"":6}",,,,,,,
6.438607963857143,rsu,rsu-1,rsu-1:ingress,rsu_ingress_cpu,1,0,0,0,0.013285714285714567,0.0020634451360128417,1,467.4127086538619,0.0,,,,,0,16,0,8589934592,0.0,30.0,False
6.438607963857143,rsu,rsu-1,rsu-1:gpu,rsu_gpu,2,0,0,0,0.08548853114285748,0.006638743313985242,1,467.4127086538619,0.0,,,,,0,16,0,8589934592,0.0,30.0,False
6.438607963857143,rsu,rsu-2,rsu-2:ingress,rsu_ingress_cpu,1,0,0,0,0.004285714285714448,0.00066562746322996,1,374.46981746489064,0.0,,,,,0,10,0,6442450944,0.0,18.0,False
6.438607963857143,rsu,rsu-2,rsu-2:gpu,rsu_gpu,1,0,0,0,0.029353211428571058,0.004558937520865393,1,374.46981746489064,0.0,,,,,0,10,0,6442450944,0.0,18.0,False
6.498739633857142,vehicle,veh-1,veh-1:accelerator,accelerator,1,0,0,0,0.3997491059999987,0.0615117897503364,1,57.727846146868835,,0,1073741824,"{""accelerator"":0,""cpu"":0,""encoder"":0}","{""accelerator"":8,""cpu"":8,""encoder"":8}",,,,,,,
6.498739633857142,vehicle,veh-1,veh-1:cpu,cpu,1,0,0,0,0.051428571428572156,0.007913622383121724,1,57.727846146868835,,0,1073741824,"{""accelerator"":0,""cpu"":0,""encoder"":0}","{""accelerator"":8,""cpu"":8,""encoder"":8}",,,,,,,
6.498739633857142,vehicle,veh-1,veh-1:encoder,encoder,1,0,0,0,0.032970605714286116,0.005073384620998787,1,57.727846146868835,,0,1073741824,"{""accelerator"":0,""cpu"":0,""encoder"":0}","{""accelerator"":8,""cpu"":8,""encoder"":8}",,,,,,,
6.498739633857142,vehicle,veh-2,veh-2:accelerator,accelerator,1,0,0,0,0.41127939971428495,0.06328602511964028,1,46.04176144516024,,268435456,805306368,"{""accelerator"":1,""cpu"":1,""encoder"":1}","{""accelerator"":6,""cpu"":6,""encoder"":6}",,,,,,,
6.498739633857142,vehicle,veh-2,veh-2:cpu,cpu,1,0,1,0.0075,0.025714285714286023,0.003956811191560853,1,46.04176144516024,,268435456,805306368,"{""accelerator"":1,""cpu"":1,""encoder"":1}","{""accelerator"":6,""cpu"":6,""encoder"":6}",,,,,,,
6.498739633857142,vehicle,veh-2,veh-2:encoder,encoder,1,0,0,0,0.025397199999999787,0.003908019313111949,1,46.04176144516024,,268435456,805306368,"{""accelerator"":1,""cpu"":1,""encoder"":1}","{""accelerator"":6,""cpu"":6,""encoder"":6}",,,,,,,
6.498739633857142,rsu,rsu-1,rsu-1:ingress,rsu_ingress_cpu,1,0,0,0,0.013285714285714567,0.002044352448973126,1,471.74218889386185,0.0,,,,,0,16,0,8589934592,0.0,30.0,False
6.498739633857142,rsu,rsu-1,rsu-1:gpu,rsu_gpu,2,0,0,0,0.08548853114285748,0.006577316215091863,1,471.74218889386185,0.0,,,,,0,16,0,8589934592,0.0,30.0,False
6.498739633857142,rsu,rsu-2,rsu-2:ingress,rsu_ingress_cpu,1,0,0,0,0.004285714285714448,0.0006594685319268259,1,377.9574543248906,0.0,,,,,0,10,0,6442450944,0.0,18.0,False
6.498739633857142,rsu,rsu-2,rsu-2:gpu,rsu_gpu,1,0,0,0,0.029353211428571058,0.004516754491231909,1,377.9574543248906,0.0,,,,,0,10,0,6442450944,0.0,18.0,False
6.5,vehicle,veh-1,veh-1:accelerator,accelerator,1,0,0,0,0.3997491059999987,0.06149986246153826,1,57.737929076011696,,0,1073741824,"{""accelerator"":0,""cpu"":0,""encoder"":0}","{""accelerator"":8,""cpu"":8,""encoder"":8}",,,,,,,
6.5,vehicle,veh-1,veh-1:cpu,cpu,1,0,0,0,0.051428571428572156,0.007912087912088025,1,57.737929076011696,,0,1073741824,"{""accelerator"":0,""cpu"":0,""encoder"":0}","{""accelerator"":8,""cpu"":8,""encoder"":8}",,,,,,,
6.5,vehicle,veh-1,veh-1:encoder,encoder,1,0,0,0,0.032970605714286116,0.005072400879120941,1,57.737929076011696,,0,1073741824,"{""accelerator"":0,""cpu"":0,""encoder"":0}","{""accelerator"":8,""cpu"":8,""encoder"":8}",,,,,,,
6.5,vehicle,veh-2,veh-2:accelerator,accelerator,1,0,0,0,0.41127939971428495,0.06327375380219769,1,46.05539860682595,,268435456,805306368,"{""accelerator"":1,""cpu"":1,""encoder"":1}","{""accelerator"":6,""cpu"":6,""encoder"":6}",,,,,,,
6.5,vehicle,veh-2,veh-2:cpu,cpu,1,0,1,0.00661774369999966,0.02697465185714365,0.004149946439560561,1,46.05539860682595,,268435456,805306368,"{""accelerator"":1,""cpu"":1,""encoder"":1}","{""accelerator"":6,""cpu"":6,""encoder"":6}",,,,,,,
6.5,vehicle,veh-2,veh-2:encoder,encoder,1,0,0,0,0.025397199999999787,0.003907261538461506,1,46.05539860682595,,268435456,805306368,"{""accelerator"":1,""cpu"":1,""encoder"":1}","{""accelerator"":6,""cpu"":6,""encoder"":6}",,,,,,,
6.5,rsu,rsu-1,rsu-1:ingress,rsu_ingress_cpu,1,0,0,0,0.013285714285714567,0.0020439560439560875,1,471.8329352561476,0.0,,,,,0,16,0,8589934592,0.0,30.0,False
6.5,rsu,rsu-1,rsu-1:gpu,rsu_gpu,2,0,0,0,0.08548853114285748,0.006576040857142884,1,471.8329352561476,0.0,,,,,0,16,0,8589934592,0.0,30.0,False
6.5,rsu,rsu-2,rsu-2:ingress,rsu_ingress_cpu,1,0,0,0,0.004285714285714448,0.0006593406593406843,1,378.03055556117636,0.0,,,,,0,10,0,6442450944,0.0,18.0,False
6.5,rsu,rsu-2,rsu-2:gpu,rsu_gpu,1,0,0,0,0.029353211428571058,0.004515878681318624,1,378.03055556117636,0.0,,,,,0,10,0,6442450944,0.0,18.0,False
6.5094539195714285,vehicle,veh-1,veh-1:accelerator,accelerator,1,0,0,0,0.3997491059999987,0.061410543947182206,1,57.813560432583124,,0,1073741824,"{""accelerator"":0,""cpu"":0,""encoder"":0}","{""accelerator"":8,""cpu"":8,""encoder"":8}",,,,,,,
6.5094539195714285,vehicle,veh-1,veh-1:cpu,cpu,1,0,0,0,0.051428571428572156,0.007900596895531619,1,57.813560432583124,,0,1073741824,"{""accelerator"":0,""cpu"":0,""encoder"":0}","{""accelerator"":8,""cpu"":8,""encoder"":8}",,,,,,,
6.5094539195714285,vehicle,veh-1,veh-1:encoder,encoder,1,0,0,0,0.032970605714286116,0.0050650340445849325,1,57.813560432583124,,0,1073741824,"{""accelerator"":0,""cpu"":0,""encoder"":0}","{""accelerator"":8,""cpu"":8,""encoder"":8}",,,,,,,
6.5094539195714285,vehicle,veh-2,veh-2:accelerator,accelerator,1,0,0,0,0.41127939971428495,0.0631818590001422,1,46.15769001658881,,268435456,805306368,"{""accelerator"":1,""cpu"":1,""encoder"":1}","{""accelerator"":6,""cpu"":6,""encoder"":6}",,,,,,,
6.5094539195714285,vehicle,veh-2,veh-2:cpu,cpu,1,0,0,0,0.03642857142857214,0.005596256134334927,1,46.15769001658881,,268435456,805306368,"{""accelerator"":1,""cpu"":1,""encoder"":1}","{""accelerator"":6,""cpu"":6,""encoder"":6}",,,,,,,
6.5094539195714285,vehicle,veh-2,veh-2:encoder,encoder,1,0,1,0.00737912,0.025397199999999787,0.0039015868786842715,1,46.15769001658881,,268435456,805306368,"{""accelerator"":1,""cpu"":1,""encoder"":1}","{""accelerator"":6,""cpu"":6,""encoder"":6}",,,,,,,
6.5094539195714285,rsu,rsu-1,rsu-1:ingress,rsu_ingress_cpu,1,0,0,0,0.013285714285714567,0.0020409875313456825,1,472.51361746529045,0.0,,,,,0,16,0,8589934592,0.0,30.0,False
6.5094539195714285,rsu,rsu-1,rsu-1:gpu,rsu_gpu,2,0,0,0,0.08548853114285748,0.006566490230910637,1,472.51361746529045,0.0,,,,,0,16,0,8589934592,0.0,30.0,False
6.5094539195714285,rsu,rsu-2,rsu-2:ingress,rsu_ingress_cpu,1,0,0,0,0.004285714285714448,0.0006583830746276505,1,378.5788828963192,0.0,,,,,0,10,0,6442450944,0.0,18.0,False
6.5094539195714285,rsu,rsu-2,rsu-2:gpu,rsu_gpu,1,0,0,0,0.029353211428571058,0.00450932010445872,1,378.5788828963192,0.0,,,,,0,10,0,6442450944,0.0,18.0,False
6.519995519571428,vehicle,veh-1,veh-1:accelerator,accelerator,1,0,0,0,0.3997491059999987,0.061311254708695716,1,57.89789323258312,,0,1073741824,"{""accelerator"":0,""cpu"":0,""encoder"":0}","{""accelerator"":8,""cpu"":8,""encoder"":8}",,,,,,,
6.519995519571428,vehicle,veh-1,veh-1:cpu,cpu,1,0,0,0,0.051428571428572156,0.007887823124141142,1,57.89789323258312,,0,1073741824,"{""accelerator"":0,""cpu"":0,""encoder"":0}","{""accelerator"":8,""cpu"":8,""encoder"":8}",,,,,,,
6.519995519571428,vehicle,veh-1,veh-1:encoder,encoder,1,0,0,0,0.032970605714286116,0.005056844842196048,1,57.89789323258312,,0,1073741824,"{""accelerator"":0,""cpu"":0,""encoder"":0}","{""accelerator"":8,""cpu"":8,""encoder"":8}",,,,,,,
6.519995519571428,vehicle,veh-2,veh-2:accelerator,accelerator,1,0,0,0,0.41127939971428495,0.06307970588012292,1,46.2733710085888,,268435456,805306368,"{""accelerator"":1,""cpu"":0,""encoder"":0}","{""accelerator"":6,""cpu"":6,""encoder"":6}",,,,,,,
6.519995519571428,vehicle,veh-2,veh-2:cpu,cpu,1,0,0,0,0.03642857142857214,0.005587208046266673,1,46.2733710085888,,268435456,805306368,"{""accelerator"":1,""cpu"":0,""encoder"":0}","{""accelerator"":6,""cpu"":6,""encoder"":6}",,,,,,,
6.519995519571428,vehicle,veh-2,veh-2:encoder,encoder,1,0,0,0,0.035938799999999604,0.005512089677380933,1,46.2733710085888,,268435456,805306368,"{""accelerator"":1,""cpu"":0,""encoder"":0}","{""accelerator"":6,""cpu"":6,""encoder"":6}",,,,,,,
6.519995519571428,rsu,rsu-1,rsu-1:ingress,rsu_ingress_cpu,1,0,0,0,0.013285714285714567,0.0020376876404031427,1,473.27261266529047,0.0,,,,,0,16,0,8589934592,0.0,30.0,False
6.519995519571428,rsu,rsu-1,rsu-1:gpu,rsu_gpu,2,0,0,0,0.08548853114285748,0.0065558734577532965,1,473.27261266529047,0.0,,,,,0,16,0,8589934592,0.0,30.0,False
6.519995519571428,rsu,rsu-2,rsu-2:ingress,rsu_ingress_cpu,1,0,0,0,0.004285714285714448,0.0006573185936784441,1,379.1902956963192,0.0,,,,,0,10,0,6442450944,0.0,18.0,False
6.519995519571428,rsu,rsu-2,rsu-2:gpu,rsu_gpu,1,0,0,0,0.029353211428571058,0.004502029386440514,1,379.1902956963192,0.0,,,,,0,10,0,6442450944,0.0,18.0,False
6.520795519571428,vehicle,veh-1,veh-1:accelerator,accelerator,1,0,0,0,0.3997491059999987,0.06130373277312516,1,57.90429323258312,,0,1073741824,"{""accelerator"":0,""cpu"":0,""encoder"":0}","{""accelerator"":8,""cpu"":8,""encoder"":8}",,,,,,,
6.520795519571428,vehicle,veh-1,veh-1:cpu,cpu,1,0,0,0,0.051428571428572156,0.00788685541115576,1,57.90429323258312,,0,1073741824,"{""accelerator"":0,""cpu"":0,""encoder"":0}","{""accelerator"":8,""cpu"":8,""encoder"":8}",,,,,,,
6.520795519571428,vehicle,veh-1,veh-1:encoder,encoder,1,0,0,0,0.032970605714286116,0.0050562244461321605,1,57.90429323258312,,0,1073741824,"{""accelerator"":0,""cpu"":0,""encoder"":0}","{""accelerator"":8,""cpu"":8,""encoder"":8}",,,,,,,
6.520795519571428,vehicle,veh-2,veh-2:accelerator,accelerator,1,0,0,0,0.41127939971428495,0.06307196698315051,1,46.278667008588805,,268435456,805306368,"{""accelerator"":1,""cpu"":0,""encoder"":0}","{""accelerator"":6,""cpu"":6,""encoder"":6}",,,,,,,
6.520795519571428,vehicle,veh-2,veh-2:cpu,cpu,1,0,0,0,0.03642857142857214,0.005586522582902027,1,46.278667008588805,,268435456,805306368,"{""accelerator"":1,""cpu"":0,""encoder"":0}","{""accelerator"":6,""cpu"":6,""encoder"":6}",,,,,,,
6.520795519571428,vehicle,veh-2,veh-2:encoder,encoder,1,0,0,0,0.035938799999999604,0.005511413429869618,1,46.278667008588805,,268435456,805306368,"{""accelerator"":1,""cpu"":0,""encoder"":0}","{""accelerator"":6,""cpu"":6,""encoder"":6}",,,,,,,
6.520795519571428,rsu,rsu-1,rsu-1:ingress,rsu_ingress_cpu,1,0,0,0,0.013285714285714567,0.002037437647881919,1,473.33021266529045,0.0,,,,,0,16,0,8589934592,0.0,30.0,False
6.520795519571428,rsu,rsu-1,rsu-1:gpu,rsu_gpu,2,0,0,0,0.08548853114285748,0.006555069154236884,1,473.33021266529045,0.0,,,,,0,16,0,8589934592,0.0,30.0,False
6.520795519571428,rsu,rsu-2,rsu-2:ingress,rsu_ingress_cpu,1,0,0,0,0.004285714285714448,0.0006572379509296623,1,379.2366956963192,0.0,,,,,0,10,0,6442450944,0.0,18.0,False
6.520795519571428,rsu,rsu-2,rsu-2:gpu,rsu_gpu,1,0,0,0,0.029353211428571058,0.00450147705758764,1,379.2366956963192,0.0,,,,,0,10,0,6442450944,0.0,18.0,False
6.54,vehicle,veh-1,veh-1:accelerator,accelerator,1,0,0,0,0.3997491059999987,0.061123716513761264,1,58.057929076011696,,0,1073741824,"{""accelerator"":0,""cpu"":0,""encoder"":0}","{""accelerator"":8,""cpu"":8,""encoder"":8}",,,,,,,
6.54,vehicle,veh-1,veh-1:cpu,cpu,1,0,0,0,0.051428571428572156,0.007863695937090544,1,58.057929076011696,,0,1073741824,"{""accelerator"":0,""cpu"":0,""encoder"":0}","{""accelerator"":8,""cpu"":8,""encoder"":8}",,,,,,,
6.54,vehicle,veh-1,veh-1:encoder,encoder,1,0,0,0,0.032970605714286116,0.005041377020533045,1,58.057929076011696,,0,1073741824,"{""accelerator"":0,""cpu"":0,""encoder"":0}","{""accelerator"":8,""cpu"":8,""encoder"":8}",,,,,,,
6.54,vehicle,veh-2,veh-2:accelerator,accelerator,1,0,0,0,0.41127939971428495,0.06288675836609861,1,46.46917545444024,,268435456,805306368,"{""accelerator"":1,""cpu"":0,""encoder"":0}","{""accelerator"":6,""cpu"":6,""encoder"":6}",,,,,,,
6.54,vehicle,veh-2,veh-2:cpu,cpu,1,0,0,0,0.03642857142857214,0.005570117955439166,1,46.46917545444024,,268435456,805306368,"{""accelerator"":1,""cpu"":0,""encoder"":0}","{""accelerator"":6,""cpu"":6,""encoder"":6}",,,,,,,
6.54,vehicle,veh-2,veh-2:encoder,encoder,1,0,0,0,0.035938799999999604,0.005495229357798104,1,46.46917545444024,,268435456,805306368,"{""accelerator"":1,""cpu"":0,""encoder"":0}","{""accelerator"":6,""cpu"":6,""encoder"":6}",,,,,,,
6.54,rsu,rsu-1,rsu-1:ingress,rsu_ingress_cpu,1,0,0,0,0.013285714285714567,0.002031454783748405,1,474.7129352561476,0.0,,,,,0,16,0,8589934592,0.0,30.0,False
6.54,rsu,rsu-1,rsu-1:gpu,rsu_gpu,2,0,0,0,0.08548853114285748,0.006535820423765862,1,474.7129352561476,0.0,,,,,0,16,0,8589934592,0.0,30.0,False
6.54,rsu,rsu-2,rsu-2:ingress,rsu_ingress_cpu,1,0,0,0,0.004285714285714448,0.0006553079947575609,1,380.37648160975493,0.0,,,,,0,10,0,6442450944,0.0,18.0,False
6.54,rsu,rsu-2,rsu-2:gpu,rsu_gpu,1,0,0,0,0.029353211428571058,0.004488258628221874,1,380.37648160975493,0.0,,,,,0,10,0,6442450944,0.0,18.0,False
6.595425069189463,vehicle,veh-1,veh-1:accelerator,accelerator,1,0,0,0,0.3997491059999987,0.06061005951950348,1,58.5013296295274,,0,1073741824,"{""accelerator"":0,""cpu"":0,""encoder"":0}","{""accelerator"":8,""cpu"":8,""encoder"":8}",,,,,,,
6.595425069189463,vehicle,veh-1,veh-1:cpu,cpu,1,0,0,0,0.051428571428572156,0.0077976128739329935,1,58.5013296295274,,0,1073741824,"{""accelerator"":0,""cpu"":0,""encoder"":0}","{""accelerator"":8,""cpu"":8,""encoder"":8}",,,,,,,
6.595425069189463,vehicle,veh-1,veh-1:encoder,encoder,1,0,0,0,0.032970605714286116,0.004999011491815493,1,58.5013296295274,,0,1073741824,"{""accelerator"":0,""cpu"":0,""encoder"":0}","{""accelerator"":8,""cpu"":8,""encoder"":8}",,,,,,,
6.595425069189463,vehicle,veh-2,veh-2:accelerator,accelerator,1,0,0,0,0.41127939971428495,0.062358285538801315,1,47.0189921407997,,268435456,805306368,"{""accelerator"":1,""cpu"":0,""encoder"":0}","{""accelerator"":6,""cpu"":6,""encoder"":6}",,,,,,,
6.595425069189463,vehicle,veh-2,veh-2:cpu,cpu,1,0,0,0,0.03642857142857214,0.005523309119035901,1,47.0189921407997,,268435456,805306368,"{""accelerator"":1,""cpu"":0,""encoder"":0}","{""accelerator"":6,""cpu"":6,""encoder"":6}",,,,,,,
6.595425069189463,vehicle,veh-2,veh-2:encoder,encoder,1,0,0,0,0.035938799999999604,0.005449049852432978,1,47.0189921407997,,268435456,805306368,"{""accelerator"":1,""cpu"":0,""encoder"":0}","{""accelerator"":6,""cpu"":6,""encoder"":6}",,,,,,,
6.595425069189463,rsu,rsu-1,rsu-1:ingress,rsu_ingress_cpu,1,0,0,0,0.013285714285714567,0.002014383325766037,1,478.7035402377889,0.0,,,,,0,16,0,8589934592,0.0,30.0,False
6.595425069189463,rsu,rsu-1,rsu-1:gpu,rsu_gpu,2,0,0,0,0.08548853114285748,0.006480896245961256,1,478.7035402377889,0.0,,,,,0,16,0,8589934592,0.0,30.0,False
6.595425069189463,rsu,rsu-2,rsu-2:ingress,rsu_ingress_cpu,1,0,1,0.003,0.004285714285714448,0.0006498010728277649,1,383.66595946614956,0.0,,,,,1,10,805306368,6442450944,0.03,18.0,False
6.595425069189463,rsu,rsu-2,rsu-2:gpu,rsu_gpu,1,0,0,0,0.029353211428571058,0.004450541264685823,1,383.66595946614956,0.0,,,,,1,10,805306368,6442450944,0.03,18.0,False
6.599710783475177,vehicle,veh-1,veh-1:accelerator,accelerator,1,0,0,0,0.3997491059999987,0.06057070061326305,1,58.53561534381311,,0,1073741824,"{""accelerator"":0,""cpu"":0,""encoder"":0}","{""accelerator"":8,""cpu"":8,""encoder"":8}",,,,,,,
6.599710783475177,vehicle,veh-1,veh-1:cpu,cpu,1,0,0,0,0.051428571428572156,0.007792549267059195,1,58.53561534381311,,0,1073741824,"{""accelerator"":0,""cpu"":0,""encoder"":0}","{""accelerator"":8,""cpu"":8,""encoder"":8}",,,,,,,
6.599710783475177,vehicle,veh-1,veh-1:encoder,encoder,1,0,0,0,0.032970605714286116,0.004995765238204112,1,58.53561534381311,,0,1073741824,"{""accelerator"":0,""cpu"":0,""encoder"":0}","{""accelerator"":8,""cpu"":8,""encoder"":8}",,,,,,,
6.599710783475177,vehicle,veh-2,veh-2:accelerator,accelerator,1,0,0,0,0.41127939971428495,0.06231779137111211,1,47.047363569371136,,268435456,805306368,"{""accelerator"":1,""cpu"":0,""encoder"":0}","{""accelerator"":6,""cpu"":6,""encoder"":6}",,,,,,,
6.599710783475177,vehicle,veh-2,veh-2:cpu,cpu,1,0,0,0,0.03642857142857214,0.0055197223975002934,1,47.047363569371136,,268435456,805306368,"{""accelerator"":1,""cpu"":0,""encoder"":0}","{""accelerator"":6,""cpu"":6,""encoder"":6}",,,,,,,
6.599710783475177,vehicle,veh-2,veh-2:encoder,encoder,1,0,0,0,0.035938799999999604,0.005445511353313499,1,47.047363569371136,,268435456,805306368,"{""accelerator"":1,""cpu"":0,""encoder"":0}","{""accelerator"":6,""cpu"":6,""encoder"":6}",,,,,,,
6.599710783475177,rsu,rsu-1,rsu-1:ingress,rsu_ingress_cpu,1,0,0,0,0.013285714285714567,0.0020130752273236395,1,479.01211166636034,0.0,,,,,0,16,0,8589934592,0.0,30.0,False
6.599710783475177,rsu,rsu-1,rsu-1:gpu,rsu_gpu,2,0,0,0,0.08548853114285748,0.006476687687353643,1,479.01211166636034,0.0,,,,,0,16,0,8589934592,0.0,30.0,False
6.599710783475177,rsu,rsu-2,rsu-2:ingress,rsu_ingress_cpu,1,0,0,0,0.008571428571428896,0.0012987582111765633,1,383.9682451804353,0.0,,,,,1,10,805306368,6442450944,0.03,18.0,False
6.599710783475177,rsu,rsu-2,rsu-2:gpu,rsu_gpu,1,0,1,0.020547248,0.029353211428571058,0.004447651176179978,1,383.9682451804353,0.0,,,,,1,10,805306368,6442450944,0.03,18.0,False
6.629063994903748,vehicle,veh-1,veh-1:accelerator,accelerator,1,0,0,0,0.3997491059999987,0.06030249614535557,1,58.77044103524168,,0,1073741824,"{""accelerator"":0,""cpu"":0,""encoder"":0}","{""accelerator"":8,""cpu"":8,""encoder"":8}",,,,,,,
6.629063994903748,vehicle,veh-1,veh-1:cpu,cpu,1,0,0,0,0.051428571428572156,0.007758044192680762,1,58.77044103524168,,0,1073741824,"{""accelerator"":0,""cpu"":0,""encoder"":0}","{""accelerator"":8,""cpu"":8,""encoder"":8}",,,,,,,
6.629063994903748,vehicle,veh-1,veh-1:encoder,encoder,1,0,0,0,0.032970605714286116,0.004973644203711574,1,58.77044103524168,,0,1073741824,"{""accelerator"":0,""cpu"":0,""encoder"":0}","{""accelerator"":8,""cpu"":8,""encoder"":8}",,,,,,,
6.629063994903748,vehicle,veh-2,veh-2:accelerator,accelerator,1,0,0,0,0.41127939971428495,0.062041850860161535,1,47.24168182902827,,268435456,805306368,"{""accelerator"":1,""cpu"":0,""encoder"":0}","{""accelerator"":6,""cpu"":6,""encoder"":6}",,,,,,,
6.629063994903748,vehicle,veh-2,veh-2:cpu,cpu,1,0,0,0,0.03642857142857214,0.005495281303148903,1,47.24168182902827,,268435456,805306368,"{""accelerator"":1,""cpu"":0,""encoder"":0}","{""accelerator"":6,""cpu"":6,""encoder"":6}",,,,,,,
6.629063994903748,vehicle,veh-2,veh-2:encoder,encoder,1,0,0,0,0.035938799999999604,0.005421398862287107,1,47.24168182902827,,268435456,805306368,"{""accelerator"":1,""cpu"":0,""encoder"":0}","{""accelerator"":6,""cpu"":6,""encoder"":6}",,,,,,,
6.629063994903748,rsu,rsu-1,rsu-1:ingress,rsu_ingress_cpu,1,0,0,0,0.013285714285714567,0.0020041614164425445,1,481.12554288921746,0.0,,,,,0,16,0,8589934592,0.0,30.0,False
6.629063994903748,rsu,rsu-1,rsu-1:gpu,rsu_gpu,2,0,0,0,0.08548853114285748,0.0064480091916882115,1,481.12554288921746,0.0,,,,,0,16,0,8589934592,0.0,30.0,False
6.629063994903748,rsu,rsu-2,rsu-2:ingress,rsu_ingress_cpu,1,0,0,0,0.008571428571428896,0.0012930073654468244,1,386.50436265086387,0.0,,,,,0,10,0,6442450944,0.0,18.0,False
6.629063994903748,rsu,rsu-2,rsu-2:gpu,rsu_gpu,1,0,0,0,0.058706422857142115,0.00885591433455373,1,386.50436265086387,0.0,,,,,0,10,0,6442450944,0.0,18.0,False
6.629237591275475,vehicle,veh-1,veh-1:accelerator,accelerator,1,0,0,0,0.3997491059999987,0.06030091703548166,1,58.77182980621549,,0,1073741824,"{""accelerator"":0,""cpu"":0,""encoder"":0}","{""accelerator"":8,""cpu"":8,""encoder"":8}",,,,,,,
6.629237591275475,vehicle,veh-1,veh-1:cpu,cpu,1,0,0,0,0.051428571428572156,0.007757841036841949,1,58.77182980621549,,0,1073741824,"{""accelerator"":0,""cpu"":0,""encoder"":0}","{""accelerator"":8,""cpu"":8,""encoder"":8}",,,,,,,
6.629237591275475,vehicle,veh-1,veh-1:encoder,encoder,1,0,0,0,0.032970605714286116,0.0049735139614965175,1,58.77182980621549,,0,1073741824,"{""accelerator"":0,""cpu"":0,""encoder"":0}","{""accelerator"":8,""cpu"":8,""encoder"":8}",,,,,,,
6.629237591275475,vehicle,veh-2,veh-2:accelerator,accelerator,1,0,0,0,0.41127939971428495,0.06204022620271696,1,47.24303935265517,,0,805306368,"{""accelerator"":0,""cpu"":0,""encoder"":0}","{""accelerator"":6,""cpu"":6,""encoder"":6}",,,,,,,
6.629237591275475,vehicle,veh-2,veh-2:cpu,cpu,1,0,0,0,0.03642857142857214,0.005495137401096411,1,47.24303935265517,,0,805306368,"{""accelerator"":0,""cpu"":0,""encoder"":0}","{""accelerator"":6,""cpu"":6,""encoder"":6}",,,,,,,
6.629237591275475,vehicle,veh-2,veh-2:encoder,encoder,1,0,0,0,0.035938799999999604,0.005421256894955386,1,47.24303935265517,,0,805306368,"{""accelerator"":0,""cpu"":0,""encoder"":0}","{""accelerator"":6,""cpu"":6,""encoder"":6}",,,,,,,
6.629237591275475,rsu,rsu-1,rsu-1:ingress,rsu_ingress_cpu,1,0,0,0,0.013285714285714567,0.0020041089345175177,1,481.13804182798174,0.0,,,,,0,16,0,8589934592,0.0,30.0,False
6.629237591275475,rsu,rsu-1,rsu-1:gpu,rsu_gpu,2,0,0,0,0.08548853114285748,0.006447840341049639,1,481.13804182798174,0.0,,,,,0,16,0,8589934592,0.0,30.0,False
6.629237591275475,rsu,rsu-2,rsu-2:ingress,rsu_ingress_cpu,1,0,0,0,0.008571428571428896,0.0012929735061403555,1,386.5152645030083,0.0,,,,,0,10,0,6442450944,0.0,18.0,False
6.629237591275475,rsu,rsu-2,rsu-2:gpu,rsu_gpu,1,0,0,0,0.058706422857142115,0.00885568242936469,1,386.5152645030083,0.0,,,,,0,10,0,6442450944,0.0,18.0,False
6.75,vehicle,veh-1,veh-1:accelerator,accelerator,1,0,0,0,0.3997491059999987,0.059222089777777584,1,59.737929076011696,,0,1073741824,"{""accelerator"":0,""cpu"":0,""encoder"":0}","{""accelerator"":8,""cpu"":8,""encoder"":8}",,,,,,,
6.75,vehicle,veh-1,veh-1:cpu,cpu,1,0,0,0,0.051428571428572156,0.007619047619047727,1,59.737929076011696,,0,1073741824,"{""accelerator"":0,""cpu"":0,""encoder"":0}","{""accelerator"":8,""cpu"":8,""encoder"":8}",,,,,,,
6.75,vehicle,veh-1,veh-1:encoder,encoder,1,0,0,0,0.032970605714286116,0.0048845341798942395,1,59.737929076011696,,0,1073741824,"{""accelerator"":0,""cpu"":0,""encoder"":0}","{""accelerator"":8,""cpu"":8,""encoder"":8}",,,,,,,
6.75,vehicle,veh-2,veh-2:accelerator,accelerator,1,0,0,0,0.41127939971428495,0.06093028143915333,1,48.02799500936458,,0,805306368,"{""accelerator"":0,""cpu"":0,""encoder"":0}","{""accelerator"":6,""cpu"":6,""encoder"":6}",,,,,,,
6.75,vehicle,veh-2,veh-2:cpu,cpu,1,0,0,0,0.03642857142857214,0.005396825396825503,1,48.02799500936458,,0,805306368,"{""accelerator"":0,""cpu"":0,""encoder"":0}","{""accelerator"":6,""cpu"":6,""encoder"":6}",,,,,,,
6.75,vehicle,veh-2,veh-2:encoder,encoder,1,0,0,0,0.035938799999999604,0.0053242666666666084,1,48.02799500936458,,0,805306368,"{""accelerator"":0,""cpu"":0,""encoder"":0}","{""accelerator"":6,""cpu"":6,""encoder"":6}",,,,,,,
6.75,rsu,rsu-1,rsu-1:ingress,rsu_ingress_cpu,1,0,0,0,0.013285714285714567,0.00196825396825401,1,489.83293525614755,0.0,,,,,0,16,0,8589934592,0.0,30.0,False
6.75,rsu,rsu-1,rsu-1:gpu,rsu_gpu,2,0,0,0,0.08548853114285748,0.006332483788359814,1,489.83293525614755,0.0,,,,,0,16,0,8589934592,0.0,30.0,False
6.75,rsu,rsu-2,rsu-2:ingress,rsu_ingress_cpu,1,0,0,0,0.008571428571428896,0.001269841269841318,1,393.5194842090308,0.0,,,,,0,10,0,6442450944,0.0,18.0,False
6.75,rsu,rsu-2,rsu-2:gpu,rsu_gpu,1,0,0,0,0.058706422857142115,0.00869724783068772,1,393.5194842090308,0.0,,,,,0,10,0,6442450944,0.0,18.0,False
6.79,vehicle,veh-1,veh-1:accelerator,accelerator,1,0,0,0,0.3997491059999987,0.0588732114874814,1,60.057929076011696,,0,1073741824,"{""accelerator"":0,""cpu"":0,""encoder"":0}","{""accelerator"":8,""cpu"":8,""encoder"":8}",,,,,,,
6.79,vehicle,veh-1,veh-1:cpu,cpu,1,0,0,0,0.051428571428572156,0.007574163686093101,1,60.057929076011696,,0,1073741824,"{""accelerator"":0,""cpu"":0,""encoder"":0}","{""accelerator"":8,""cpu"":8,""encoder"":8}",,,,,,,
6.79,vehicle,veh-1,veh-1:encoder,encoder,1,0,0,0,0.032970605714286116,0.00485575930990959,1,60.057929076011696,,0,1073741824,"{""accelerator"":0,""cpu"":0,""encoder"":0}","{""accelerator"":8,""cpu"":8,""encoder"":8}",,,,,,,
6.79,vehicle,veh-2,veh-2:accelerator,accelerator,1,0,0,0,0.41127939971428495,0.060571340164106764,1,48.28799500936458,,0,805306368,"{""accelerator"":0,""cpu"":0,""encoder"":0}","{""accelerator"":6,""cpu"":6,""encoder"":6}",,,,,,,
6.79,vehicle,veh-2,veh-2:cpu,cpu,1,0,0,0,0.03642857142857214,0.0053650326109826426,1,48.28799500936458,,0,805306368,"{""accelerator"":0,""cpu"":0,""encoder"":0}","{""accelerator"":6,""cpu"":6,""encoder"":6}",,,,,,,
6.79,vehicle,veh-2,veh-2:encoder,encoder,1,0,0,0,0.035938799999999604,0.005292901325478587,1,48.28799500936458,,0,805306368,"{""accelerator"":0,""cpu"":0,""encoder"":0}","{""accelerator"":6,""cpu"":6,""encoder"":6}",,,,,,,
6.79,rsu,rsu-1,rsu-1:ingress,rsu_ingress_cpu,1,0,0,0,0.013285714285714567,0.0019566589522407316,1,492.71293525614755,0.0,,,,,0,16,0,8589934592,0.0,30.0,False
6.79,rsu,rsu-1,rsu-1:gpu,rsu_gpu,2,0,0,0,0.08548853114285748,0.006295179023774483,1,492.71293525614755,0.0,,,,,0,16,0,8589934592,0.0,30.0,False
6.79,rsu,rsu-2,rsu-2:ingress,rsu_ingress_cpu,1,0,0,0,0.008571428571428896,0.00126236061434888,1,395.8394842090308,0.0,,,,,0,10,0,6442450944,0.0,18.0,False
6.79,rsu,rsu-2,rsu-2:gpu,rsu_gpu,1,0,0,0,0.058706422857142115,0.008646012202819162,1,395.8394842090308,0.0,,,,,0,10,0,6442450944,0.0,18.0,False
6.96,vehicle,veh-1,veh-1:accelerator,accelerator,1,0,0,0,0.3997491059999987,0.05743521637931016,1,61.417929076011696,,0,1073741824,"{""accelerator"":0,""cpu"":0,""encoder"":0}","{""accelerator"":8,""cpu"":8,""encoder"":8}",,,,,,,
6.96,vehicle,veh-1,veh-1:cpu,cpu,1,0,0,0,0.051428571428572156,0.007389162561576459,1,61.417929076011696,,0,1073741824,"{""accelerator"":0,""cpu"":0,""encoder"":0}","{""accelerator"":8,""cpu"":8,""encoder"":8}",,,,,,,
6.96,vehicle,veh-1,veh-1:encoder,encoder,1,0,0,0,0.032970605714286116,0.004737155993431913,1,61.417929076011696,,0,1073741824,"{""accelerator"":0,""cpu"":0,""encoder"":0}","{""accelerator"":8,""cpu"":8,""encoder"":8}",,,,,,,
6.96,vehicle,veh-2,veh-2:accelerator,accelerator,1,0,0,0,0.41127939971428495,0.05909186777504094,1,49.392995009364576,,0,805306368,"{""accelerator"":0,""cpu"":0,""encoder"":0}","{""accelerator"":6,""cpu"":6,""encoder"":6}",,,,,,,
6.96,vehicle,veh-2,veh-2:cpu,cpu,1,0,0,0,0.03642857142857214,0.005233990147783354,1,49.392995009364576,,0,805306368,"{""accelerator"":0,""cpu"":0,""encoder"":0}","{""accelerator"":6,""cpu"":6,""encoder"":6}",,,,,,,
6.96,vehicle,veh-2,veh-2:encoder,encoder,1,0,0,0,0.035938799999999604,0.005163620689655116,1,49.392995009364576,,0,805306368,"{""accelerator"":0,""cpu"":0,""encoder"":0}","{""accelerator"":6,""cpu"":6,""encoder"":6}",,,,,,,
6.96,rsu,rsu-1,rsu-1:ingress,rsu_ingress_cpu,1,0,0,0,0.013285714285714567,0.001908866995073932,1,504.95293525614755,0.0,,,,,0,16,0,8589934592,0.0,30.0,False
6.96,rsu,rsu-1,rsu-1:gpu,rsu_gpu,2,0,0,0,0.08548853114285748,0.006141417467159302,1,504.95293525614755,0.0,,,,,0,16,0,8589934592,0.0,30.0,False
6.96,rsu,rsu-2,rsu-2:ingress,rsu_ingress_cpu,1,0,0,0,0.008571428571428896,0.0012315270935961057,1,405.6994842090308,0.0,,,,,0,10,0,6442450944,0.0,18.0,False
6.96,rsu,rsu-2,rsu-2:gpu,rsu_gpu,1,0,0,0,0.058706422857142115,0.008434830870279039,1,405.6994842090308,0.0,,,,,0,10,0,6442450944,0.0,18.0,False
7.0,vehicle,veh-1,veh-1:accelerator,accelerator,1,0,0,0,0.3997491059999987,0.05710701514285695,1,61.737929076011696,,0,1073741824,"{""accelerator"":0,""cpu"":0,""encoder"":0}","{""accelerator"":8,""cpu"":8,""encoder"":8}",,,,,,,
7.0,vehicle,veh-1,veh-1:cpu,cpu,1,0,0,0,0.051428571428572156,0.007346938775510308,1,61.737929076011696,,0,1073741824,"{""accelerator"":0,""cpu"":0,""encoder"":0}","{""accelerator"":8,""cpu"":8,""encoder"":8}",,,,,,,
7.0,vehicle,veh-1,veh-1:encoder,encoder,1,0,0,0,0.032970605714286116,0.004710086530612302,1,61.737929076011696,,0,1073741824,"{""accelerator"":0,""cpu"":0,""encoder"":0}","{""accelerator"":8,""cpu"":8,""encoder"":8}",,,,,,,
7.0,vehicle,veh-2,veh-2:accelerator,accelerator,1,0,0,0,0.41127939971428495,0.058754199959183566,1,49.652995009364574,,0,805306368,"{""accelerator"":0,""cpu"":0,""encoder"":0}","{""accelerator"":6,""cpu"":6,""encoder"":6}",,,,,,,
7.0,vehicle,veh-2,veh-2:cpu,cpu,1,0,0,0,0.03642857142857214,0.0052040816326531635,1,49.652995009364574,,0,805306368,"{""accelerator"":0,""cpu"":0,""encoder"":0}","{""accelerator"":6,""cpu"":6,""encoder"":6}",,,,,,,
7.0,vehicle,veh-2,veh-2:encoder,encoder,1,0,0,0,0.035938799999999604,0.00513411428571423,1,49.652995009364574,,0,805306368,"{""accelerator"":0,""cpu"":0,""encoder"":0}","{""accelerator"":6,""cpu"":6,""encoder"":6}",,,,,,,
7.0,rsu,rsu-1,rsu-1:ingress,rsu_ingress_cpu,1,0,0,0,0.013285714285714567,0.0018979591836735096,1,507.83293525614755,0.0,,,,,0,16,0,8589934592,0.0,30.0,False
7.0,rsu,rsu-1,rsu-1:gpu,rsu_gpu,2,0,0,0,0.08548853114285748,0.006106323653061249,1,507.83293525614755,0.0,,,,,0,16,0,8589934592,0.0,30.0,False
7.0,rsu,rsu-2,rsu-2:ingress,rsu_ingress_cpu,1,0,0,0,0.008571428571428896,0.0012244897959184137,1,408.0194842090308,0.0,,,,,0,10,0,6442450944,0.0,18.0,False
7.0,rsu,rsu-2,rsu-2:gpu,rsu_gpu,1,0,0,0,0.058706422857142115,0.008386631836734588,1,408.0194842090308,0.0,,,,,0,10,0,6442450944,0.0,18.0,False
7.185308128,vehicle,veh-1,veh-1:accelerator,accelerator,1,0,1,0.023108349,0.3997491059999987,0.05563423292067882,1,63.220394100011696,,67108864,1073741824,"{""accelerator"":1,""cpu"":0,""encoder"":0}","{""accelerator"":8,""cpu"":8,""encoder"":8}",,,,,,,
7.185308128,vehicle,veh-1,veh-1:cpu,cpu,1,0,0,0,0.051428571428572156,0.007157462214899764,1,63.220394100011696,,67108864,1073741824,"{""accelerator"":1,""cpu"":0,""encoder"":0}","{""accelerator"":8,""cpu"":8,""encoder"":8}",,,,,,,
7.185308128,vehicle,veh-1,veh-1:encoder,encoder,1,0,0,0,0.032970605714286116,0.004588614033934735,1,63.220394100011696,,67108864,1073741824,"{""accelerator"":1,""cpu"":0,""encoder"":0}","{""accelerator"":8,""cpu"":8,""encoder"":8}",,,,,,,
7.185308128,vehicle,veh-2,veh-2:accelerator,accelerator,1,0,0,0,0.41127939971428495,0.05723893706264241,1,50.85749784136458,,0,805306368,"{""accelerator"":0,""cpu"":0,""encoder"":0}","{""accelerator"":6,""cpu"":6,""encoder"":6}",,,,,,,
7.185308128,vehicle,veh-2,veh-2:cpu,cpu,1,0,0,0,0.03642857142857214,0.0050698690688873605,1,50.85749784136458,,0,805306368,"{""accelerator"":0,""cpu"":0,""encoder"":0}","{""accelerator"":6,""cpu"":6,""encoder"":6}",,,,,,,
7.185308128,vehicle,veh-2,veh-2:encoder,encoder,1,0,0,0,0.035938799999999604,0.005001706170393978,1,50.85749784136458,,0,805306368,"{""accelerator"":0,""cpu"":0,""encoder"":0}","{""accelerator"":6,""cpu"":6,""encoder"":6}",,,,,,,
7.185308128,rsu,rsu-1,rsu-1:ingress,rsu_ingress_cpu,1,0,0,0,0.013285714285714567,0.001849011072182452,1,521.1751204721476,0.0,,,,,0,16,0,8589934592,0.0,30.0,False
7.185308128,rsu,rsu-1,rsu-1:gpu,rsu_gpu,2,0,0,0,0.08548853114285748,0.005948842389216567,1,521.1751204721476,0.0,,,,,0,16,0,8589934592,0.0,30.0,False
7.185308128,rsu,rsu-2,rsu-2:ingress,rsu_ingress_cpu,1,0,0,0,0.008571428571428896,0.001192910369149989,1,418.7673556330308,0.0,,,,,0,10,0,6442450944,0.0,18.0,False
7.185308128,rsu,rsu-2,rsu-2:gpu,rsu_gpu,1,0,0,0,0.058706422857142115,0.008170341732231712,1,418.7673556330308,0.0,,,,,0,10,0,6442450944,0.0,18.0,False
7.2,vehicle,veh-1,veh-1:accelerator,accelerator,1,0,1,0.008416476999999783,0.4144409779999989,0.05756124694444429,1,63.5046818220673,,67108864,1073741824,"{""accelerator"":1,""cpu"":0,""encoder"":0}","{""accelerator"":8,""cpu"":8,""encoder"":8}",,,,,,,
7.2,vehicle,veh-1,veh-1:cpu,cpu,1,0,0,0,0.051428571428572156,0.007142857142857244,1,63.5046818220673,,67108864,1073741824,"{""accelerator"":1,""cpu"":0,""encoder"":0}","{""accelerator"":8,""cpu"":8,""encoder"":8}",,,,,,,
7.2,vehicle,veh-1,veh-1:encoder,encoder,1,0,0,0,0.032970605714286116,0.004579250793650849,1,63.5046818220673,,67108864,1073741824,"{""accelerator"":1,""cpu"":0,""encoder"":0}","{""accelerator"":8,""cpu"":8,""encoder"":8}",,,,,,,
7.2,vehicle,veh-2,veh-2:accelerator,accelerator,1,0,0,0,0.41127939971428495,0.05712213884920624,1,50.95299500936458,,0,805306368,"{""accelerator"":0,""cpu"":0,""encoder"":0}","{""accelerator"":6,""cpu"":6,""encoder"":6}",,,,,,,
7.2,vehicle,veh-2,veh-2:cpu,cpu,1,0,0,0,0.03642857142857214,0.005059523809523909,1,50.95299500936458,,0,805306368,"{""accelerator"":0,""cpu"":0,""encoder"":0}","{""accelerator"":6,""cpu"":6,""encoder"":6}",,,,,,,
7.2,vehicle,veh-2,veh-2:encoder,encoder,1,0,0,0,0.035938799999999604,0.004991499999999945,1,50.95299500936458,,0,805306368,"{""accelerator"":0,""cpu"":0,""encoder"":0}","{""accelerator"":6,""cpu"":6,""encoder"":6}",,,,,,,
7.2,rsu,rsu-1,rsu-1:ingress,rsu_ingress_cpu,1,0,0,0,0.013285714285714567,0.0018452380952381343,1,522.2329352561476,0.0,,,,,0,16,0,8589934592,0.0,30.0,False
7.2,rsu,rsu-1,rsu-1:gpu,rsu_gpu,2,0,0,0,0.08548853114285748,0.005936703551587325,1,522.2329352561476,0.0,,,,,0,16,0,8589934592,0.0,30.0,False
7.2,rsu,rsu-2,rsu-2:ingress,rsu_ingress_cpu,1,0,0,0,0.008571428571428896,0.0011904761904762355,1,419.6194842090308,0.0,,,,,0,10,0,6442450944,0.0,18.0,False
7.2,rsu,rsu-2,rsu-2:gpu,rsu_gpu,1,0,0,0,0.058706422857142115,0.008153669841269738,1,419.6194842090308,0.0,,,,,0,10,0,6442450944,0.0,18.0,False
7.208416477,vehicle,veh-1,veh-1:accelerator,accelerator,1,0,0,0,0.4228574549999988,0.058661629270342006,1,63.6715406513617,,268435456,1073741824,"{""accelerator"":1,""cpu"":1,""encoder"":1}","{""accelerator"":8,""cpu"":8,""encoder"":8}",,,,,,,
7.208416477,vehicle,veh-1,veh-1:cpu,cpu,1,0,0,0,0.051428571428572156,0.007134517212298437,1,63.6715406513617,,268435456,1073741824,"{""accelerator"":1,""cpu"":1,""encoder"":1}","{""accelerator"":8,""cpu"":8,""encoder"":8}",,,,,,,
7.208416477,vehicle,veh-1,veh-1:encoder,encoder,1,0,0,0,0.032970605714286116,0.004573904104942592,1,63.6715406513617,,268435456,1073741824,"{""accelerator"":1,""cpu"":1,""encoder"":1}","{""accelerator"":8,""cpu"":8,""encoder"":8}",,,,,,,
7.208416477,vehicle,veh-2,veh-2:accelerator,accelerator,1,0,0,0,0.41127939971428495,0.057055443595214035,1,51.007702109864574,,0,805306368,"{""accelerator"":0,""cpu"":0,""encoder"":0}","{""accelerator"":6,""cpu"":6,""encoder"":6}",,,,,,,
7.208416477,vehicle,veh-2,veh-2:cpu,cpu,1,0,0,0,0.03642857142857214,0.00505361635871142,1,51.007702109864574,,0,805306368,"{""accelerator"":0,""cpu"":0,""encoder"":0}","{""accelerator"":6,""cpu"":6,""encoder"":6}",,,,,,,
7.208416477,vehicle,veh-2,veh-2:encoder,encoder,1,0,0,0,0.035938799999999604,0.0049856719731261444,1,51.007702109864574,,0,805306368,"{""accelerator"":0,""cpu"":0,""encoder"":0}","{""accelerator"":6,""cpu"":6,""encoder"":6}",,,,,,,
7.208416477,rsu,rsu-1,rsu-1:ingress,rsu_ingress_cpu,1,0,0,0,0.013285714285714567,0.001843083613177109,1,522.8389216001476,0.0,,,,,0,16,0,8589934592,0.0,30.0,False
7.208416477,rsu,rsu-1,rsu-1:gpu,rsu_gpu,2,0,0,0,0.08548853114285748,0.00592977191423574,1,522.8389216001476,0.0,,,,,0,16,0,8589934592,0.0,30.0,False
7.208416477,rsu,rsu-2,rsu-2:ingress,rsu_ingress_cpu,1,0,0,0,0.008571428571428896,0.0011890862020497675,1,420.1076398750308,0.0,,,,,0,10,0,6442450944,0.0,18.0,False
7.208416477,rsu,rsu-2,rsu-2:gpu,rsu_gpu,1,0,0,0,0.058706422857142115,0.00814414969563115,1,420.1076398750308,0.0,,,,,0,10,0,6442450944,0.0,18.0,False
7.209216477,vehicle,veh-1,veh-1:accelerator,accelerator,1,0,1,0.026019088,0.4228574549999988,0.05865511964428681,1,63.678060651361704,,268435456,1073741824,"{""accelerator"":1,""cpu"":1,""encoder"":1}","{""accelerator"":8,""cpu"":8,""encoder"":8}",,,,,,,
7.209216477,vehicle,veh-1,veh-1:cpu,cpu,1,0,0,0,0.051428571428572156,0.007133725501605874,1,63.678060651361704,,268435456,1073741824,"{""accelerator"":1,""cpu"":1,""encoder"":1}","{""accelerator"":8,""cpu"":8,""encoder"":8}",,,,,,,
7.209216477,vehicle,veh-1,veh-1:encoder,encoder,1,0,0,0,0.032970605714286116,0.0045733965430881755,1,63.678060651361704,,268435456,1073741824,"{""accelerator"":1,""cpu"":1,""encoder"":1}","{""accelerator"":8,""cpu"":8,""encoder"":8}",,,,,,,
7.209216477,vehicle,veh-2,veh-2:accelerator,accelerator,1,0,0,0,0.41127939971428495,0.05704911220607878,1,51.01290210986458,,0,805306368,"{""accelerator"":0,""cpu"":0,""encoder"":0}","{""accelerator"":6,""cpu"":6,""encoder"":6}",,,,,,,
7.209216477,vehicle,veh-2,veh-2:cpu,cpu,1,0,0,0,0.03642857142857214,0.005053055563637522,1,51.01290210986458,,0,805306368,"{""accelerator"":0,""cpu"":0,""encoder"":0}","{""accelerator"":6,""cpu"":6,""encoder"":6}",,,,,,,
7.209216477,vehicle,veh-2,veh-2:encoder,encoder,1,0,0,0,0.035938799999999604,0.004985118717777075,1,51.01290210986458,,0,805306368,"{""accelerator"":0,""cpu"":0,""encoder"":0}","{""accelerator"":6,""cpu"":6,""encoder"":6}",,,,,,,
7.209216477,rsu,rsu-1,rsu-1:ingress,rsu_ingress_cpu,1,0,0,0,0.013285714285714567,0.0018428790879148637,1,522.8965216001476,0.0,,,,,0,16,0,8589934592,0.0,30.0,False
7.209216477,rsu,rsu-1,rsu-1:gpu,rsu_gpu,2,0,0,0,0.08548853114285748,0.005929113893000489,1,522.8965216001476,0.0,,,,,0,16,0,8589934592,0.0,30.0,False
7.209216477,rsu,rsu-2,rsu-2:ingress,rsu_ingress_cpu,1,0,0,0,0.008571428571428896,0.0011889542502676739,1,420.15403987503083,0.0,,,,,0,10,0,6442450944,0.0,18.0,False
7.209216477,rsu,rsu-2,rsu-2:gpu,rsu_gpu,1,0,0,0,0.058706422857142115,0.008143245946967576,1,420.15403987503083,0.0,,,,,0,10,0,6442450944,0.0,18.0,False
7.235235565,vehicle,veh-1,veh-1:accelerator,accelerator,1,0,0,0,0.4488765429999988,0.06204034947685892,1,64.2063204175617,,268435456,1073741824,"{""accelerator"":1,""cpu"":1,""encoder"":1}","{""accelerator"":8,""cpu"":8,""encoder"":8}",,,,,,,
7.235235565,vehicle,veh-1,veh-1:cpu,cpu,1,0,1,0.0075,0.051428571428572156,0.007108071460361935,1,64.2063204175617,,268435456,1073741824,"{""accelerator"":1,""cpu"":1,""encoder"":1}","{""accelerator"":8,""cpu"":8,""encoder"":8}",,,,,,,
7.235235565,vehicle,veh-1,veh-1:encoder,encoder,1,0,0,0,0.032970605714286116,0.004556949862666444,1,64.2063204175617,,268435456,1073741824,"{""accelerator"":1,""cpu"":1,""encoder"":1}","{""accelerator"":8,""cpu"":8,""encoder"":8}",,,,,,,
7.235235565,vehicle,veh-2,veh-2:accelerator,accelerator,1,0,0,0,0.41127939971428495,0.05684395428724164,1,51.18202618186458,,0,805306368,"{""accelerator"":0,""cpu"":0,""encoder"":0}","{""accelerator"":6,""cpu"":6,""encoder"":6}",,,,,,,
7.235235565,vehicle,veh-2,veh-2:cpu,cpu,1,0,0,0,0.03642857142857214,0.005034883951089731,1,51.18202618186458,,0,805306368,"{""accelerator"":0,""cpu"":0,""encoder"":0}","{""accelerator"":6,""cpu"":6,""encoder"":6}",,,,,,,
7.235235565,vehicle,veh-2,veh-2:encoder,encoder,1,0,0,0,0.035938799999999604,0.004967191417215399,1,51.18202618186458,,0,805306368,"{""accelerator"":0,""cpu"":0,""encoder"":0}","{""accelerator"":6,""cpu"":6,""encoder"":6}",,,,,,,
7.235235565,rsu,rsu-1,rsu-1:ingress,rsu_ingress_cpu,1,0,0,0,0.013285714285714567,0.001836251793926846,1,524.7698959361476,0.0,,,,,0,16,0,8589934592,0.0,30.0,False
7.235235565,rsu,rsu-1,rsu-1:gpu,rsu_gpu,2,0,0,0,0.08548853114285748,0.005907791831713325,1,524.7698959361476,0.0,,,,,0,16,0,8589934592,0.0,30.0,False
7.235235565,rsu,rsu-2,rsu-2:ingress,rsu_ingress_cpu,1,0,0,0,0.008571428571428896,0.0011846785767270173,1,421.66314697903084,0.0,,,,,0,10,0,6442450944,0.0,18.0,False
7.235235565,rsu,rsu-2,rsu-2:gpu,rsu_gpu,1,0,0,0,0.058706422857142115,0.00811396150543194,1,421.66314697903084,0.0,,,,,0,10,0,6442450944,0.0,18.0,False
7.242735565,vehicle,veh-1,veh-1:accelerator,accelerator,1,0,1,0.036137623,0.4488765429999988,0.06197610543303037,1,64.3124454175617,,268435456,1073741824,"{""accelerator"":1,""cpu"":1,""encoder"":1}","{""accelerator"":8,""cpu"":8,""encoder"":8}",,,,,,,
7.242735565,vehicle,veh-1,veh-1:cpu,cpu,1,0,0,0,0.05892857142857244,0.008136231248499605,1,64.3124454175617,,268435456,1073741824,"{""accelerator"":1,""cpu"":1,""encoder"":1}","{""accelerator"":8,""cpu"":8,""encoder"":8}",,,,,,,
7.242735565,vehicle,veh-1,veh-1:encoder,encoder,1,0,0,0,0.032970605714286116,0.004552231048392019,1,64.3124454175617,,268435456,1073741824,"{""accelerator"":1,""cpu"":1,""encoder"":1}","{""accelerator"":8,""cpu"":8,""encoder"":8}",,,,,,,
7.242735565,vehicle,veh-2,veh-2:accelerator,accelerator,1,0,0,0,0.41127939971428495,0.05678509121633035,1,51.230776181864584,,0,805306368,"{""accelerator"":0,""cpu"":0,""encoder"":0}","{""accelerator"":6,""cpu"":6,""encoder"":6}",,,,,,,
7.242735565,vehicle,veh-2,veh-2:cpu,cpu,1,0,0,0,0.03642857142857214,0.005029670226345222,1,51.230776181864584,,0,805306368,"{""accelerator"":0,""cpu"":0,""encoder"":0}","{""accelerator"":6,""cpu"":6,""encoder"":6}",,,,,,,
7.242735565,vehicle,veh-2,veh-2:encoder,encoder,1,0,0,0,0.035938799999999604,0.004962047789466632,1,51.230776181864584,,0,805306368,"{""accelerator"":0,""cpu"":0,""encoder"":0}","{""accelerator"":6,""cpu"":6,""encoder"":6}",,,,,,,
7.242735565,rsu,rsu-1,rsu-1:ingress,rsu_ingress_cpu,1,0,0,0,0.013285714285714567,0.0018343503178435546,1,525.3098959361475,0.0,,,,,0,16,0,8589934592,0.0,30.0,False
7.242735565,rsu,rsu-1,rsu-1:gpu,rsu_gpu,2,0,0,0,0.08548853114285748,0.005901674193102857,1,525.3098959361475,0.0,,,,,0,16,0,8589934592,0.0,30.0,False
7.242735565,rsu,rsu-2,rsu-2:ingress,rsu_ingress_cpu,1,0,0,0,0.008571428571428896,0.0011834518179636034,1,422.09814697903084,0.0,,,,,0,10,0,6442450944,0.0,18.0,False
7.242735565,rsu,rsu-2,rsu-2:gpu,rsu_gpu,1,0,0,0,0.058706422857142115,0.008105559333249262,1,422.09814697903084,0.0,,,,,0,10,0,6442450944,0.0,18.0,False
7.25,vehicle,veh-1,veh-1:accelerator,accelerator,1,0,1,0.028873188000000265,0.45614097799999853,0.06291599696551704,1,64.46245599960812,,268435456,1073741824,"{""accelerator"":1,""cpu"":1,""encoder"":1}","{""accelerator"":8,""cpu"":8,""encoder"":8}",,,,,,,
7.25,vehicle,veh-1,veh-1:cpu,cpu,1,0,0,0,0.05892857142857244,0.008128078817734129,1,64.46245599960812,,268435456,1073741824,"{""accelerator"":1,""cpu"":1,""encoder"":1}","{""accelerator"":8,""cpu"":8,""encoder"":8}",,,,,,,
7.25,vehicle,veh-1,veh-1:encoder,encoder,1,0,0,0,0.032970605714286116,0.004547669753694637,1,64.46245599960812,,268435456,1073741824,"{""accelerator"":1,""cpu"":1,""encoder"":1}","{""accelerator"":8,""cpu"":8,""encoder"":8}",,,,,,,
7.25,vehicle,veh-2,veh-2:accelerator,accelerator,1,0,0,0,0.41127939971428495,0.056728193064039305,1,51.27799500936458,,0,805306368,"{""accelerator"":0,""cpu"":0,""encoder"":0}","{""accelerator"":6,""cpu"":6,""encoder"":6}",,,,,,,
7.25,vehicle,veh-2,veh-2:cpu,cpu,1,0,0,0,0.03642857142857214,0.00502463054187202,1,51.27799500936458,,0,805306368,"{""accelerator"":0,""cpu"":0,""encoder"":0}","{""accelerator"":6,""cpu"":6,""encoder"":6}",,,,,,,
7.25,vehicle,veh-2,veh-2:encoder,encoder,1,0,0,0,0.035938799999999604,0.004957075862068911,1,51.27799500936458,,0,805306368,"{""accelerator"":0,""cpu"":0,""encoder"":0}","{""accelerator"":6,""cpu"":6,""encoder"":6}",,,,,,,
7.25,rsu,rsu-1,rsu-1:ingress,rsu_ingress_cpu,1,0,0,0,0.013285714285714567,0.0018325123152709748,1,525.8329352561475,0.0,,,,,0,16,0,8589934592,0.0,30.0,False
7.25,rsu,rsu-1,rsu-1:gpu,rsu_gpu,2,0,0,0,0.08548853114285748,0.00589576076847293,1,525.8329352561475,0.0,,,,,0,16,0,8589934592,0.0,30.0,False
7.25,rsu,rsu-2,rsu-2:ingress,rsu_ingress_cpu,1,0,0,0,0.008571428571428896,0.0011822660098522615,1,422.51948420903085,0.0,,,,,0,10,0,6442450944,0.0,18.0,False
7.25,rsu,rsu-2,rsu-2:gpu,rsu_gpu,1,0,0,0,0.058706422857142115,0.008097437635467879,1,422.51948420903085,0.0,,,,,0,10,0,6442450944,0.0,18.0,False
7.278873188,vehicle,veh-1,veh-1:accelerator,accelerator,1,0,0,0,0.4850141659999989,0.06663313860167211,1,65.0586873290117,,268435456,1073741824,"{""accelerator"":1,""cpu"":1,""encoder"":1}","{""accelerator"":8,""cpu"":8,""encoder"":8}",,,,,,,
7.278873188,vehicle,veh-1,veh-1:cpu,cpu,1,0,1,0.0075,0.05892857142857244,0.008095837076228019,1,65.0586873290117,,268435456,1073741824,"{""accelerator"":1,""cpu"":1,""encoder"":1}","{""accelerator"":8,""cpu"":8,""encoder"":8}",,,,,,,
7.278873188,vehicle,veh-1,veh-1:encoder,encoder,1,0,0,0,0.032970605714286116,0.004529630461022687,1,65.0586873290117,,268435456,1073741824,"{""accelerator"":1,""cpu"":1,""encoder"":1}","{""accelerator"":8,""cpu"":8,""encoder"":8}",,,,,,,
7.278873188,vehicle,veh-2,veh-2:accelerator,accelerator,1,0,0,0,0.41127939971428495,0.056503168703683826,1,51.46567073136458,,0,805306368,"{""accelerator"":0,""cpu"":0,""encoder"":0}","{""accelerator"":6,""cpu"":6,""encoder"":6}",,,,,,,
7.278873188,vehicle,veh-2,veh-2:cpu,cpu,1,0,0,0,0.03642857142857214,0.005004699283486424,1,51.46567073136458,,0,805306368,"{""accelerator"":0,""cpu"":0,""encoder"":0}","{""accelerator"":6,""cpu"":6,""encoder"":6}",,,,,,,
7.278873188,vehicle,veh-2,veh-2:encoder,encoder,1,0,0,0,0.035938799999999604,0.004937412573590175,1,51.46567073136458,,0,805306368,"{""accelerator"":0,""cpu"":0,""encoder"":0}","{""accelerator"":6,""cpu"":6,""encoder"":6}",,,,,,,
7.278873188,rsu,rsu-1,rsu-1:ingress,rsu_ingress_cpu,1,0,0,0,0.013285714285714567,0.0018252432680950516,1,527.9118047921476,0.0,,,,,0,16,0,8589934592,0.0,30.0,False
7.278873188,rsu,rsu-1,rsu-1:gpu,rsu_gpu,2,0,0,0,0.08548853114285748,0.005872373988036668,1,527.9118047921476,0.0,,,,,0,16,0,8589934592,0.0,30.0,False
7.278873188,rsu,rsu-2,rsu-2:ingress,rsu_ingress_cpu,1,0,0,0,0.008571428571428896,0.0011775763019968271,1,424.1941291130309,0.0,,,,,0,10,0,6442450944,0.0,18.0,False
7.278873188,rsu,rsu-2,rsu-2:gpu,rsu_gpu,1,0,0,0,0.058706422857142115,0.008065317438683493,1,424.1941291130309,0.0,,,,,0,10,0,6442450944,0.0,18.0,False
7.286373188000001,vehicle,veh-1,veh-1:accelerator,accelerator,1,0,0,0,0.4850141659999989,0.06656455186769372,1,65.16481232901171,,268435456,1073741824,"{""accelerator"":1,""cpu"":1,""encoder"":1}","{""accelerator"":8,""cpu"":8,""encoder"":8}",,,,,,,
7.286373188000001,vehicle,veh-1,veh-1:cpu,cpu,1,0,0,0,0.06642857142857272,0.009116822555558174,1,65.16481232901171,,268435456,1073741824,"{""accelerator"":1,""cpu"":1,""encoder"":1}","{""accelerator"":8,""cpu"":8,""encoder"":8}",,,,,,,
7.286373188000001,vehicle,veh-1,veh-1:encoder,encoder,1,0,1,0.00745912,0.032970605714286116,0.004524968027795465,1,65.16481232901171,,268435456,1073741824,"{""accelerator"":1,""cpu"":1,""encoder"":1}","{""accelerator"":8,""cpu"":8,""encoder"":8}",,,,,,,
7.286373188000001,vehicle,veh-2,veh-2:accelerator,accelerator,1,0,0,0,0.41127939971428495,0.05644500893690499,1,51.51442073136458,,0,805306368,"{""accelerator"":0,""cpu"":0,""encoder"":0}","{""accelerator"":6,""cpu"":6,""encoder"":6}",,,,,,,
7.286373188000001,vehicle,veh-2,veh-2:cpu,cpu,1,0,0,0,0.03642857142857214,0.0049995478530480315,1,51.51442073136458,,0,805306368,"{""accelerator"":0,""cpu"":0,""encoder"":0}","{""accelerator"":6,""cpu"":6,""encoder"":6}",,,,,,,
7.286373188000001,vehicle,veh-2,veh-2:encoder,encoder,1,0,0,0,0.035938799999999604,0.0049323304026189,1,51.51442073136458,,0,805306368,"{""accelerator"":0,""cpu"":0,""encoder"":0}","{""accelerator"":6,""cpu"":6,""encoder"":6}",,,,,,,
7.286373188000001,rsu,rsu-1,rsu-1:ingress,rsu_ingress_cpu,1,0,0,0,0.013285714285714567,0.0018233645111116379,1,528.4518047921476,0.0,,,,,0,16,0,8589934592,0.0,30.0,False
7.286373188000001,rsu,rsu-1,rsu-1:gpu,rsu_gpu,2,0,0,0,0.08548853114285748,0.0058663294438205124,1,528.4518047921476,0.0,,,,,0,16,0,8589934592,0.0,30.0,False
7.286373188000001,rsu,rsu-2,rsu-2:ingress,rsu_ingress_cpu,1,0,0,0,0.008571428571428896,0.0011763642007172053,1,424.6291291130309,0.0,,,,,0,10,0,6442450944,0.0,18.0,False
7.286373188000001,rsu,rsu-2,rsu-2:gpu,rsu_gpu,1,0,0,0,0.058706422857142115,0.008057015656818992,1,424.6291291130309,0.0,,,,,0,10,0,6442450944,0.0,18.0,False
7.29,vehicle,veh-1,veh-1:accelerator,accelerator,1,0,0,0,0.4850141659999989,0.06653143566529478,1,65.21493603273541,,268435456,1073741824,"{""accelerator"":1,""cpu"":1,""encoder"":1}","{""accelerator"":8,""cpu"":8,""encoder"":8}",,,,,,,
7.29,vehicle,veh-1,veh-1:cpu,cpu,1,0,0,0,0.06642857142857272,0.009112286890064845,1,65.21493603273541,,268435456,1073741824,"{""accelerator"":1,""cpu"":1,""encoder"":1}","{""accelerator"":8,""cpu"":8,""encoder"":8}",,,,,,,
7.29,vehicle,veh-1,veh-1:encoder,encoder,1,0,1,0.003832308000000631,0.036597417714285485,0.0050202219086811365,1,65.21493603273541,,268435456,1073741824,"{""accelerator"":1,""cpu"":1,""encoder"":1}","{""accelerator"":8,""cpu"":8,""encoder"":8}",,,,,,,
7.29,vehicle,veh-2,veh-2:accelerator,accelerator,1,0,0,0,0.41127939971428495,0.0564169272584753,1,51.53799500936458,,0,805306368,"{""accelerator"":0,""cpu"":0,""encoder"":0}","{""accelerator"":6,""cpu"":6,""encoder"":6}",,,,,,,
7.29,vehicle,veh-2,veh-2:cpu,cpu,1,0,0,0,0.03642857142857214,0.0049970605526162065,1,51.53799500936458,,0,805306368,"{""accelerator"":0,""cpu"":0,""encoder"":0}","{""accelerator"":6,""cpu"":6,""encoder"":6}",,,,,,,
7.29,vehicle,veh-2,veh-2:encoder,encoder,1,0,0,0,0.035938799999999604,0.004929876543209822,1,51.53799500936458,,0,805306368,"{""accelerator"":0,""cpu"":0,""encoder"":0}","{""accelerator"":6,""cpu"":6,""encoder"":6}",,,,,,,
7.29,rsu,rsu-1,rsu-1:ingress,rsu_ingress_cpu,1,0,0,0,0.013285714285714567,0.0018224573780129723,1,528.7129352561476,0.0,,,,,0,16,0,8589934592,0.0,30.0,False
7.29,rsu,rsu-1,rsu-1:gpu,rsu_gpu,2,0,0,0,0.08548853114285748,0.005863410915147975,1,528.7129352561476,0.0,,,,,0,16,0,8589934592,0.0,30.0,False
7.29,rsu,rsu-2,rsu-2:ingress,rsu_ingress_cpu,1,0,0,0,0.008571428571428896,0.0011757789535567758,1,424.83948420903084,0.0,,,,,0,10,0,6442450944,0.0,18.0,False
7.29,rsu,rsu-2,rsu-2:gpu,rsu_gpu,1,0,0,0,0.058706422857142115,0.008053007250636778,1,424.83948420903084,0.0,,,,,0,10,0,6442450944,0.0,18.0,False
7.293832308000001,vehicle,veh-1,veh-1:accelerator,accelerator,1,0,0,0,0.4850141659999989,0.06649647887682132,1,65.27189975701171,,268435456,1073741824,"{""accelerator"":1,""cpu"":0,""encoder"":0}","{""accelerator"":8,""cpu"":8,""encoder"":8}",,,,,,,
7.293832308000001,vehicle,veh-1,veh-1:cpu,cpu,1,0,0,0,0.06642857142857272,0.009107499133989238,1,65.27189975701171,,268435456,1073741824,"{""accelerator"":1,""cpu"":0,""encoder"":0}","{""accelerator"":8,""cpu"":8,""encoder"":8}",,,,,,,
7.293832308000001,vehicle,veh-1,veh-1:encoder,encoder,1,0,0,0,0.04042972571428616,0.005543001814004161,1,65.27189975701171,,268435456,1073741824,"{""accelerator"":1,""cpu"":0,""encoder"":0}","{""accelerator"":8,""cpu"":8,""encoder"":8}",,,,,,,
7.293832308000001,vehicle,veh-2,veh-2:accelerator,accelerator,1,0,0,0,0.41127939971428495,0.056387284810919855,1,51.562905011364585,,0,805306368,"{""accelerator"":0,""cpu"":0,""encoder"":0}","{""accelerator"":6,""cpu"":6,""encoder"":6}",,,,,,,
7.293832308000001,vehicle,veh-2,veh-2:cpu,cpu,1,0,0,0,0.03642857142857214,0.00499443500896184,1,51.562905011364585,,0,805306368,"{""accelerator"":0,""cpu"":0,""encoder"":0}","{""accelerator"":6,""cpu"":6,""encoder"":6}",,,,,,,
7.293832308000001,vehicle,veh-2,veh-2:encoder,encoder,1,0,0,0,0.035938799999999604,0.004927286299217671,1,51.562905011364585,,0,805306368,"{""accelerator"":0,""cpu"":0,""encoder"":0}","{""accelerator"":6,""cpu"":6,""encoder"":6}",,,,,,,
7.293832308000001,rsu,rsu-1,rsu-1:ingress,rsu_ingress_cpu,1,0,0,0,0.013285714285714567,0.0018214998267978505,1,528.9888614321477,0.0,,,,,0,16,0,8589934592,0.0,30.0,False
7.293832308000001,rsu,rsu-1,rsu-1:gpu,rsu_gpu,2,0,0,0,0.08548853114285748,0.005860330175749461,1,528.9888614321477,0.0,,,,,0,16,0,8589934592,0.0,30.0,False
7.293832308000001,rsu,rsu-2,rsu-2:ingress,rsu_ingress_cpu,1,0,0,0,0.008571428571428896,0.001175161178579278,1,425.0617580730309,0.0,,,,,0,10,0,6442450944,0.0,18.0,False
7.293832308000001,rsu,rsu-2,rsu-2:gpu,rsu_gpu,1,0,0,0,0.058706422857142115,0.008048776058746498,1,425.0617580730309,0.0,,,,,0,10,0,6442450944,0.0,18.0,False
7.294632308000001,vehicle,veh-1,veh-1:accelerator,accelerator,1,0,0,0,0.4850141659999989,0.06648918622917914,1,65.2784197570117,,268435456,1073741824,"{""accelerator"":1,""cpu"":0,""encoder"":0}","{""accelerator"":8,""cpu"":8,""encoder"":8}",,,,,,,
7.294632308000001,vehicle,veh-1,veh-1:cpu,cpu,1,0,0,0,0.06642857142857272,0.009106500317462296,1,65.2784197570117,,268435456,1073741824,"{""accelerator"":1,""cpu"":0,""encoder"":0}","{""accelerator"":8,""cpu"":8,""encoder"":8}",,,,,,,
7.294632308000001,vehicle,veh-1,veh-1:encoder,encoder,1,0,0,0,0.04042972571428616,0.005542393914762092,1,65.2784197570117,,268435456,1073741824,"{""accelerator"":1,""cpu"":0,""encoder"":0}","{""accelerator"":8,""cpu"":8,""encoder"":8}",,,,,,,
7.294632308000001,vehicle,veh-2,veh-2:accelerator,accelerator,1,0,0,0,0.41127939971428495,0.05638110083536851,1,51.56810501136459,,0,805306368,"{""accelerator"":0,""cpu"":0,""encoder"":0}","{""accelerator"":6,""cpu"":6,""encoder"":6}",,,,,,,
7.294632308000001,vehicle,veh-2,veh-2:cpu,cpu,1,0,0,0,0.03642857142857214,0.004993887270866421,1,51.56810501136459,,0,805306368,"{""accelerator"":0,""cpu"":0,""encoder"":0}","{""accelerator"":6,""cpu"":6,""encoder"":6}",,,,,,,
7.294632308000001,vehicle,veh-2,veh-2:encoder,encoder,1,0,0,0,0.035938799999999604,0.004926745925299844,1,51.56810501136459,,0,805306368,"{""accelerator"":0,""cpu"":0,""encoder"":0}","{""accelerator"":6,""cpu"":6,""encoder"":6}",,,,,,,
7.294632308000001,rsu,rsu-1,rsu-1:ingress,rsu_ingress_cpu,1,0,0,0,0.013285714285714567,0.0018213000634924622,1,529.0464614321477,0.0,,,,,0,16,0,8589934592,0.0,30.0,False
7.294632308000001,rsu,rsu-1,rsu-1:gpu,rsu_gpu,2,0,0,0,0.08548853114285748,0.00585968747520711,1,529.0464614321477,0.0,,,,,0,16,0,8589934592,0.0,30.0,False
7.294632308000001,rsu,rsu-2,rsu-2:ingress,rsu_ingress_cpu,1,0,0,0,0.008571428571428896,0.0011750322990274147,1,425.1081580730309,0.0,,,,,0,10,0,6442450944,0.0,18.0,False
7.294632308000001,rsu,rsu-2,rsu-2:gpu,rsu_gpu,1,0,0,0,0.058706422857142115,0.008047893352041742,1,425.1081580730309,0.0,,,,,0,10,0,6442450944,0.0,18.0,False
7.380517171723086,vehicle,veh-1,veh-1:accelerator,accelerator,1,0,0,0,0.4850141659999989,0.06571547151983193,1,66.26180144664102,,268435456,1073741824,"{""accelerator"":1,""cpu"":0,""encoder"":0}","{""accelerator"":8,""cpu"":8,""encoder"":8}",,,,,,,
7.380517171723086,vehicle,veh-1,veh-1:cpu,cpu,1,0,0,0,0.06642857142857272,0.009000530705772213,1,66.26180144664102,,268435456,1073741824,"{""accelerator"":1,""cpu"":0,""encoder"":0}","{""accelerator"":8,""cpu"":8,""encoder"":8}",,,,,,,
7.380517171723086,vehicle,veh-1,veh-1:encoder,encoder,1,0,0,0,0.04042972571428616,0.005477898739831435,1,66.26180144664102,,268435456,1073741824,"{""accelerator"":1,""cpu"":0,""encoder"":0}","{""accelerator"":8,""cpu"":8,""encoder"":8}",,,,,,,
7.380517171723086,vehicle,veh-2,veh-2:accelerator,accelerator,1,0,0,0,0.41127939971428495,0.05572501088270837,1,52.12635662556464,,0,805306368,"{""accelerator"":0,""cpu"":0,""encoder"":0}","{""accelerator"":6,""cpu"":6,""encoder"":6}",,,,,,,
7.380517171723086,vehicle,veh-2,veh-2:cpu,cpu,1,0,0,0,0.03642857142857214,0.0049357749031654075,1,52.12635662556464,,0,805306368,"{""accelerator"":0,""cpu"":0,""encoder"":0}","{""accelerator"":6,""cpu"":6,""encoder"":6}",,,,,,,
7.380517171723086,vehicle,veh-2,veh-2:encoder,encoder,1,0,0,0,0.035938799999999604,0.004869414861290701,1,52.12635662556464,,0,805306368,"{""accelerator"":0,""cpu"":0,""encoder"":0}","{""accelerator"":6,""cpu"":6,""encoder"":6}",,,,,,,
7.380517171723086,rsu,rsu-1,rsu-1:ingress,rsu_ingress_cpu,1,0,0,0,0.013285714285714567,0.0018001061411544457,1,535.2301716202098,0.0,,,,,0,16,0,8589934592,0.0,30.0,False
7.380517171723086,rsu,rsu-1,rsu-1:gpu,rsu_gpu,2,0,0,0,0.08548853114285748,0.00579150005032093,1,535.2301716202098,0.0,,,,,0,16,0,8589934592,0.0,30.0,False
7.380517171723086,rsu,rsu-2,rsu-2:ingress,rsu_ingress_cpu,1,0,0,0,0.008571428571428896,0.001161358800744823,1,430.205424734996,0.0,,,,,0,10,0,6442450944,0.0,18.0,False
7.380517171723086,rsu,rsu-2,rsu-2:gpu,rsu_gpu,1,0,0,0,0.058706422857142115,0.007954242431961753,1,430.205424734996,0.0,,,,,0,10,0,6442450944,0.0,18.0,False
7.380517171723087,vehicle,veh-1,veh-1:accelerator,accelerator,1,0,0,0,0.4850141659999989,0.06571547151983191,1,66.26180144664102,,268435456,1073741824,"{""accelerator"":1,""cpu"":0,""encoder"":0}","{""accelerator"":8,""cpu"":8,""encoder"":8}",,,,,,,
7.380517171723087,vehicle,veh-1,veh-1:cpu,cpu,1,0,0,0,0.06642857142857272,0.009000530705772213,1,66.26180144664102,,268435456,1073741824,"{""accelerator"":1,""cpu"":0,""encoder"":0}","{""accelerator"":8,""cpu"":8,""encoder"":8}",,,,,,,
7.380517171723087,vehicle,veh-1,veh-1:encoder,encoder,1,0,0,0,0.04042972571428616,0.005477898739831434,1,66.26180144664102,,268435456,1073741824,"{""accelerator"":1,""cpu"":0,""encoder"":0}","{""accelerator"":8,""cpu"":8,""encoder"":8}",,,,,,,
7.380517171723087,vehicle,veh-2,veh-2:accelerator,accelerator,1,0,0,0,0.41127939971428495,0.05572501088270836,1,52.12635662556465,,0,805306368,"{""accelerator"":0,""cpu"":0,""encoder"":0}","{""accelerator"":6,""cpu"":6,""encoder"":6}",,,,,,,
7.380517171723087,vehicle,veh-2,veh-2:cpu,cpu,1,0,0,0,0.03642857142857214,0.0049357749031654075,1,52.12635662556465,,0,805306368,"{""accelerator"":0,""cpu"":0,""encoder"":0}","{""accelerator"":6,""cpu"":6,""encoder"":6}",,,,,,,
7.380517171723087,vehicle,veh-2,veh-2:encoder,encoder,1,0,0,0,0.035938799999999604,0.0048694148612907,1,52.12635662556465,,0,805306368,"{""accelerator"":0,""cpu"":0,""encoder"":0}","{""accelerator"":6,""cpu"":6,""encoder"":6}",,,,,,,
7.380517171723087,rsu,rsu-1,rsu-1:ingress,rsu_ingress_cpu,1,0,0,0,0.013285714285714567,0.0018001061411544454,1,535.23017162021,0.0,,,,,0,16,0,8589934592,0.0,30.0,False
7.380517171723087,rsu,rsu-1,rsu-1:gpu,rsu_gpu,2,0,0,0,0.08548853114285748,0.0057915000503209295,1,535.23017162021,0.0,,,,,0,16,0,8589934592,0.0,30.0,False
7.380517171723087,rsu,rsu-2,rsu-2:ingress,rsu_ingress_cpu,1,0,1,0.003,0.008571428571428896,0.001161358800744823,1,430.20542473499603,0.0,,,,,1,10,805306368,6442450944,0.03,18.0,False
7.380517171723087,rsu,rsu-2,rsu-2:gpu,rsu_gpu,1,0,0,0,0.058706422857142115,0.007954242431961751,1,430.20542473499603,0.0,,,,,1,10,805306368,6442450944,0.03,18.0,False
7.383517171723087,vehicle,veh-1,veh-1:accelerator,accelerator,1,0,0,0,0.4850141659999989,0.06568877063866996,1,66.28625144664102,,268435456,1073741824,"{""accelerator"":1,""cpu"":0,""encoder"":0}","{""accelerator"":8,""cpu"":8,""encoder"":8}",,,,,,,
7.383517171723087,vehicle,veh-1,veh-1:cpu,cpu,1,0,0,0,0.06642857142857272,0.008996873696315971,1,66.28625144664102,,268435456,1073741824,"{""accelerator"":1,""cpu"":0,""encoder"":0}","{""accelerator"":8,""cpu"":8,""encoder"":8}",,,,,,,
7.383517171723087,vehicle,veh-1,veh-1:encoder,encoder,1,0,0,0,0.04042972571428616,0.005475673012466375,1,66.28625144664102,,268435456,1073741824,"{""accelerator"":1,""cpu"":0,""encoder"":0}","{""accelerator"":8,""cpu"":8,""encoder"":8}",,,,,,,
7.383517171723087,vehicle,veh-2,veh-2:accelerator,accelerator,1,0,0,0,0.41127939971428495,0.05570236922985376,1,52.14585662556465,,0,805306368,"{""accelerator"":0,""cpu"":0,""encoder"":0}","{""accelerator"":6,""cpu"":6,""encoder"":6}",,,,,,,
7.383517171723087,vehicle,veh-2,veh-2:cpu,cpu,1,0,0,0,0.03642857142857214,0.004933769446366823,1,52.14585662556465,,0,805306368,"{""accelerator"":0,""cpu"":0,""encoder"":0}","{""accelerator"":6,""cpu"":6,""encoder"":6}",,,,,,,
7.383517171723087,vehicle,veh-2,veh-2:encoder,encoder,1,0,0,0,0.035938799999999604,0.0048674363672689324,1,52.14585662556465,,0,805306368,"{""accelerator"":0,""cpu"":0,""encoder"":0}","{""accelerator"":6,""cpu"":6,""encoder"":6}",,,,,,,
7.383517171723087,rsu,rsu-1,rsu-1:ingress,rsu_ingress_cpu,1,0,0,0,0.013285714285714567,0.001799374739263197,1,535.44617162021,0.0,,,,,0,16,0,8589934592,0.0,30.0,False
7.383517171723087,rsu,rsu-1,rsu-1:gpu,rsu_gpu,2,0,0,0,0.08548853114285748,0.005789146903474126,1,535.44617162021,0.0,,,,,0,16,0,8589934592,0.0,30.0,False
7.383517171723087,rsu,rsu-2,rsu-2:ingress,rsu_ingress_cpu,1,0,0,0,0.01157142857142901,0.001567197353551843,1,430.43262473499607,0.0,,,,,1,10,805306368,6442450944,0.03,18.0,False
7.383517171723087,rsu,rsu-2,rsu-2:gpu,rsu_gpu,1,0,1,0.020547248,0.058706422857142115,0.00795101054033871,1,430.43262473499607,0.0,,,,,1,10,805306368,6442450944,0.03,18.0,False
7.4040644197230865,vehicle,veh-1,veh-1:accelerator,accelerator,1,0,0,0,0.4850141659999989,0.06550647570110397,1,66.45371151784101,,268435456,1073741824,"{""accelerator"":1,""cpu"":0,""encoder"":0}","{""accelerator"":8,""cpu"":8,""encoder"":8}",,,,,,,
7.4040644197230865,vehicle,veh-1,veh-1:cpu,cpu,1,0,0,0,0.06642857142857272,0.00897190619406539,1,66.45371151784101,,268435456,1073741824,"{""accelerator"":1,""cpu"":0,""encoder"":0}","{""accelerator"":8,""cpu"":8,""encoder"":8}",,,,,,,
7.4040644197230865,vehicle,veh-1,veh-1:encoder,encoder,1,0,0,0,0.04042972571428616,0.005460477303059208,1,66.45371151784101,,268435456,1073741824,"{""accelerator"":1,""cpu"":0,""encoder"":0}","{""accelerator"":8,""cpu"":8,""encoder"":8}",,,,,,,
7.4040644197230865,vehicle,veh-2,veh-2:accelerator,accelerator,1,0,0,0,0.41127939971428495,0.055547787863475515,1,52.279413737564646,,0,805306368,"{""accelerator"":0,""cpu"":0,""encoder"":0}","{""accelerator"":6,""cpu"":6,""encoder"":6}",,,,,,,
7.4040644197230865,vehicle,veh-2,veh-2:cpu,cpu,1,0,0,0,0.03642857142857214,0.004920077590293924,1,52.279413737564646,,0,805306368,"{""accelerator"":0,""cpu"":0,""encoder"":0}","{""accelerator"":6,""cpu"":6,""encoder"":6}",,,,,,,
7.4040644197230865,vehicle,veh-2,veh-2:encoder,encoder,1,0,0,0,0.035938799999999604,0.004853928594173918,1,52.279413737564646,,0,805306368,"{""accelerator"":0,""cpu"":0,""encoder"":0}","{""accelerator"":6,""cpu"":6,""encoder"":6}",,,,,,,
7.4040644197230865,rsu,rsu-1,rsu-1:ingress,rsu_ingress_cpu,1,0,0,0,0.013285714285714567,0.001794381238813081,1,536.9255734762099,0.0,,,,,0,16,0,8589934592,0.0,30.0,False
7.4040644197230865,rsu,rsu-1,rsu-1:gpu,rsu_gpu,2,0,0,0,0.08548853114285748,0.00577308126298385,1,536.9255734762099,0.0,,,,,0,16,0,8589934592,0.0,30.0,False
7.4040644197230865,rsu,rsu-2,rsu-2:ingress,rsu_ingress_cpu,1,0,0,0,0.01157142857142901,0.0015628481757404514,1,432.45447394119606,0.0,,,,,0,10,0,6442450944,0.0,18.0,False
7.4040644197230865,rsu,rsu-2,rsu-2:gpu,rsu_gpu,1,0,0,0,0.07925367085714186,0.010704076351095005,1,432.45447394119606,0.0,,,,,0,10,0,6442450944,0.0,18.0,False
7.404199489141544,vehicle,veh-1,veh-1:accelerator,accelerator,1,0,0,0,0.4850141659999989,0.06550528071417917,1,66.4549744169036,,0,1073741824,"{""accelerator"":0,""cpu"":0,""encoder"":0}","{""accelerator"":8,""cpu"":8,""encoder"":8}",,,,,,,
7.404199489141544,vehicle,veh-1,veh-1:cpu,cpu,1,0,0,0,0.06642857142857272,0.008971742526115347,1,66.4549744169036,,0,1073741824,"{""accelerator"":0,""cpu"":0,""encoder"":0}","{""accelerator"":8,""cpu"":8,""encoder"":8}",,,,,,,
7.404199489141544,vehicle,veh-1,veh-1:encoder,encoder,1,0,0,0,0.04042972571428616,0.005460377691548887,1,66.4549744169036,,0,1073741824,"{""accelerator"":0,""cpu"":0,""encoder"":0}","{""accelerator"":8,""cpu"":8,""encoder"":8}",,,,,,,
7.404199489141544,vehicle,veh-2,veh-2:accelerator,accelerator,1,0,0,0,0.41127939971428495,0.055546774545639555,1,52.28029168878462,,0,805306368,"{""accelerator"":0,""cpu"":0,""encoder"":0}","{""accelerator"":6,""cpu"":6,""encoder"":6}",,,,,,,
7.404199489141544,vehicle,veh-2,veh-2:cpu,cpu,1,0,0,0,0.03642857142857214,0.004919987836901965,1,52.28029168878462,,0,805306368,"{""accelerator"":0,""cpu"":0,""encoder"":0}","{""accelerator"":6,""cpu"":6,""encoder"":6}",,,,,,,
7.404199489141544,vehicle,veh-2,veh-2:encoder,encoder,1,0,0,0,0.035938799999999604,0.0048538400474899155,1,52.28029168878462,,0,805306368,"{""accelerator"":0,""cpu"":0,""encoder"":0}","{""accelerator"":6,""cpu"":6,""encoder"":6}",,,,,,,
7.404199489141544,rsu,rsu-1,rsu-1:ingress,rsu_ingress_cpu,1,0,0,0,0.013285714285714567,0.0017943485052230724,1,536.9352984743389,0.0,,,,,0,16,0,8589934592,0.0,30.0,False
7.404199489141544,rsu,rsu-1,rsu-1:gpu,rsu_gpu,2,0,0,0,0.08548853114285748,0.005772975948867173,1,536.9352984743389,0.0,,,,,0,16,0,8589934592,0.0,30.0,False
7.404199489141544,rsu,rsu-2,rsu-2:ingress,rsu_ingress_cpu,1,0,0,0,0.01157142857142901,0.0015628196658394765,1,432.46295630067516,0.0,,,,,0,10,0,6442450944,0.0,18.0,False
7.404199489141544,rsu,rsu-2,rsu-2:gpu,rsu_gpu,1,0,0,0,0.07925367085714186,0.010703881084426409,1,432.46295630067516,0.0,,,,,0,10,0,6442450944,0.0,18.0,False
7.5,vehicle,veh-1,veh-1:accelerator,accelerator,1,0,0,0,0.4850141659999989,0.06466855546666653,1,67.22137850377123,,0,1073741824,"{""accelerator"":0,""cpu"":0,""encoder"":0}","{""accelerator"":8,""cpu"":8,""encoder"":8}",,,,,,,
7.5,vehicle,veh-1,veh-1:cpu,cpu,1,0,0,0,0.06642857142857272,0.00885714285714303,1,67.22137850377123,,0,1073741824,"{""accelerator"":0,""cpu"":0,""encoder"":0}","{""accelerator"":8,""cpu"":8,""encoder"":8}",,,,,,,
7.5,vehicle,veh-1,veh-1:encoder,encoder,1,0,0,0,0.04042972571428616,0.005390630095238155,1,67.22137850377123,,0,1073741824,"{""accelerator"":0,""cpu"":0,""encoder"":0}","{""accelerator"":8,""cpu"":8,""encoder"":8}",,,,,,,
7.5,vehicle,veh-2,veh-2:accelerator,accelerator,1,0,0,0,0.41127939971428495,0.054837253295237996,1,52.90299500936458,,0,805306368,"{""accelerator"":0,""cpu"":0,""encoder"":0}","{""accelerator"":6,""cpu"":6,""encoder"":6}",,,,,,,
7.5,vehicle,veh-2,veh-2:cpu,cpu,1,0,0,0,0.03642857142857214,0.004857142857142952,1,52.90299500936458,,0,805306368,"{""accelerator"":0,""cpu"":0,""encoder"":0}","{""accelerator"":6,""cpu"":6,""encoder"":6}",,,,,,,
7.5,vehicle,veh-2,veh-2:encoder,encoder,1,0,0,0,0.035938799999999604,0.004791839999999947,1,52.90299500936458,,0,805306368,"{""accelerator"":0,""cpu"":0,""encoder"":0}","{""accelerator"":6,""cpu"":6,""encoder"":6}",,,,,,,
7.5,rsu,rsu-1,rsu-1:ingress,rsu_ingress_cpu,1,0,0,0,0.013285714285714567,0.0017714285714286089,1,543.8329352561477,0.0,,,,,0,16,0,8589934592,0.0,30.0,False
7.5,rsu,rsu-1,rsu-1:gpu,rsu_gpu,2,0,0,0,0.08548853114285748,0.005699235409523832,1,543.8329352561477,0.0,,,,,0,16,0,8589934592,0.0,30.0,False
7.5,rsu,rsu-2,rsu-2:ingress,rsu_ingress_cpu,1,0,0,0,0.01157142857142901,0.0015428571428572012,1,438.0193859304656,0.0,,,,,0,10,0,6442450944,0.0,18.0,False
7.5,rsu,rsu-2,rsu-2:gpu,rsu_gpu,1,0,0,0,0.07925367085714186,0.01056715611428558,1,438.0193859304656,0.0,,,,,0,10,0,6442450944,0.0,18.0,False
7.54,vehicle,veh-1,veh-1:accelerator,accelerator,1,0,0,0,0.4850141659999989,0.0643254862068964,1,67.54137850377123,,0,1073741824,"{""accelerator"":0,""cpu"":0,""encoder"":0}","{""accelerator"":8,""cpu"":8,""encoder"":8}",,,,,,,
7.54,vehicle,veh-1,veh-1:cpu,cpu,1,0,0,0,0.06642857142857272,0.008810155361879672,1,67.54137850377123,,0,1073741824,"{""accelerator"":0,""cpu"":0,""encoder"":0}","{""accelerator"":8,""cpu"":8,""encoder"":8}",,,,,,,
7.54,vehicle,veh-1,veh-1:encoder,encoder,1,0,0,0,0.04042972571428616,0.005362032588101613,1,67.54137850377123,,0,1073741824,"{""accelerator"":0,""cpu"":0,""encoder"":0}","{""accelerator"":8,""cpu"":8,""encoder"":8}",,,,,,,
7.54,vehicle,veh-2,veh-2:accelerator,accelerator,1,0,0,0,0.41127939971428495,0.05454633948465318,1,53.16299500936458,,0,805306368,"{""accelerator"":0,""cpu"":0,""encoder"":0}","{""accelerator"":6,""cpu"":6,""encoder"":6}",,,,,,,
7.54,vehicle,veh-2,veh-2:cpu,cpu,1,0,0,0,0.03642857142857214,0.0048313755210307886,1,53.16299500936458,,0,805306368,"{""accelerator"":0,""cpu"":0,""encoder"":0}","{""accelerator"":6,""cpu"":6,""encoder"":6}",,,,,,,
7.54,vehicle,veh-2,veh-2:encoder,encoder,1,0,0,0,0.035938799999999604,0.004766419098143184,1,53.16299500936458,,0,805306368,"{""accelerator"":0,""cpu"":0,""encoder"":0}","{""accelerator"":6,""cpu"":6,""encoder"":6}",,,,,,,
7.54,rsu,rsu-1,rsu-1:ingress,rsu_ingress_cpu,1,0,0,0,0.013285714285714567,0.0017620310723759373,1,546.7129352561477,0.0,,,,,0,16,0,8589934592,0.0,30.0,False
7.54,rsu,rsu-1,rsu-1:gpu,rsu_gpu,2,0,0,0,0.08548853114285748,0.005669000738916278,1,546.7129352561477,0.0,,,,,0,16,0,8589934592,0.0,30.0,False
7.54,rsu,rsu-2,rsu-2:ingress,rsu_ingress_cpu,1,0,0,0,0.01157142857142901,0.001534672224327455,1,440.3393859304656,0.0,,,,,0,10,0,6442450944,0.0,18.0,False
7.54,rsu,rsu-2,rsu-2:gpu,rsu_gpu,1,0,0,0,0.07925367085714186,0.010511096930655418,1,440.3393859304656,0.0,,,,,0,10,0,6442450944,0.0,18.0,False
7.75,vehicle,veh-1,veh-1:accelerator,accelerator,1,0,0,0,0.4850141659999989,0.06258247303225792,1,69.22137850377123,,0,1073741824,"{""accelerator"":0,""cpu"":0,""encoder"":0}","{""accelerator"":8,""cpu"":8,""encoder"":8}",,,,,,,
7.75,vehicle,veh-1,veh-1:cpu,cpu,1,0,0,0,0.06642857142857272,0.008571428571428738,1,69.22137850377123,,0,1073741824,"{""accelerator"":0,""cpu"":0,""encoder"":0}","{""accelerator"":8,""cpu"":8,""encoder"":8}",,,,,,,
7.75,vehicle,veh-1,veh-1:encoder,encoder,1,0,0,0,0.04042972571428616,0.005216738801843375,1,69.22137850377123,,0,1073741824,"{""accelerator"":0,""cpu"":0,""encoder"":0}","{""accelerator"":8,""cpu"":8,""encoder"":8}",,,,,,,
7.75,vehicle,veh-2,veh-2:accelerator,accelerator,1,0,0,0,0.41127939971428495,0.053068309640552896,1,54.52799500936458,,0,805306368,"{""accelerator"":0,""cpu"":0,""encoder"":0}","{""accelerator"":6,""cpu"":6,""encoder"":6}",,,,,,,
7.75,vehicle,veh-2,veh-2:cpu,cpu,1,0,0,0,0.03642857142857214,0.00470046082949318,1,54.52799500936458,,0,805306368,"{""accelerator"":0,""cpu"":0,""encoder"":0}","{""accelerator"":6,""cpu"":6,""encoder"":6}",,,,,,,
7.75,vehicle,veh-2,veh-2:encoder,encoder,1,0,0,0,0.035938799999999604,0.004637264516128981,1,54.52799500936458,,0,805306368,"{""accelerator"":0,""cpu"":0,""encoder"":0}","{""accelerator"":6,""cpu"":6,""encoder"":6}",,,,,,,
7.75,rsu,rsu-1,rsu-1:ingress,rsu_ingress_cpu,1,0,0,0,0.013285714285714567,0.0017142857142857506,1,561.8329352561477,0.0,,,,,0,16,0,8589934592,0.0,30.0,False
7.75,rsu,rsu-1,rsu-1:gpu,rsu_gpu,2,0,0,0,0.08548853114285748,0.005515389105990805,1,561.8329352561477,0.0,,,,,0,16,0,8589934592,0.0,30.0,False
7.75,rsu,rsu-2,rsu-2:ingress,rsu_ingress_cpu,1,0,0,0,0.01157142857142901,0.0014930875576037433,1,452.5193859304656,0.0,,,,,0,10,0,6442450944,0.0,18.0,False
7.75,rsu,rsu-2,rsu-2:gpu,rsu_gpu,1,0,0,0,0.07925367085714186,0.01022628011059895,1,452.5193859304656,0.0,,,,,0,10,0,6442450944,0.0,18.0,False
7.79,vehicle,veh-1,veh-1:accelerator,accelerator,1,0,0,0,0.4850141659999989,0.062261125288831695,1,69.54137850377123,,0,1073741824,"{""accelerator"":0,""cpu"":0,""encoder"":0}","{""accelerator"":8,""cpu"":8,""encoder"":8}",,,,,,,
7.79,vehicle,veh-1,veh-1:cpu,cpu,1,0,0,0,0.06642857142857272,0.008527416101228848,1,69.54137850377123,,0,1073741824,"{""accelerator"":0,""cpu"":0,""encoder"":0}","{""accelerator"":8,""cpu"":8,""encoder"":8}",,,,,,,
7.79,vehicle,veh-1,veh-1:encoder,encoder,1,0,0,0,0.04042972571428616,0.005189951953053422,1,69.54137850377123,,0,1073741824,"{""accelerator"":0,""cpu"":0,""encoder"":0}","{""accelerator"":8,""cpu"":8,""encoder"":8}",,,,,,,
7.79,vehicle,veh-2,veh-2:accelerator,accelerator,1,0,0,0,0.41127939971428495,0.052795815110948004,1,54.78799500936458,,0,805306368,"{""accelerator"":0,""cpu"":0,""encoder"":0}","{""accelerator"":6,""cpu"":6,""encoder"":6}",,,,,,,
7.79,vehicle,veh-2,veh-2:cpu,cpu,1,0,0,0,0.03642857142857214,0.004676324958738401,1,54.78799500936458,,0,805306368,"{""accelerator"":0,""cpu"":0,""encoder"":0}","{""accelerator"":6,""cpu"":6,""encoder"":6}",,,,,,,
7.79,vehicle,veh-2,veh-2:encoder,encoder,1,0,0,0,0.035938799999999604,0.004613453145057716,1,54.78799500936458,,0,805306368,"{""accelerator"":0,""cpu"":0,""encoder"":0}","{""accelerator"":6,""cpu"":6,""encoder"":6}",,,,,,,
7.79,rsu,rsu-1,rsu-1:ingress,rsu_ingress_cpu,1,0,0,0,0.013285714285714567,0.0017054832202457724,1,564.7129352561477,0.0,,,,,0,16,0,8589934592,0.0,30.0,False
7.79,rsu,rsu-1,rsu-1:gpu,rsu_gpu,2,0,0,0,0.08548853114285748,0.0054870687511461794,1,564.7129352561477,0.0,,,,,0,16,0,8589934592,0.0,30.0,False
7.79,rsu,rsu-2,rsu-2:ingress,rsu_ingress_cpu,1,0,0,0,0.01157142857142901,0.0014854208692463428,1,454.8393859304656,0.0,,,,,0,10,0,6442450944,0.0,18.0,False
7.79,rsu,rsu-2,rsu-2:gpu,rsu_gpu,1,0,0,0,0.07925367085714186,0.010173770328259545,1,454.8393859304656,0.0,,,,,0,10,0,6442450944,0.0,18.0,False
8.0,vehicle,veh-1,veh-1:accelerator,accelerator,1,0,0,0,0.4850141659999989,0.060626770749999864,1,71.22137850377123,,0,1073741824,"{""accelerator"":0,""cpu"":0,""encoder"":0}","{""accelerator"":8,""cpu"":8,""encoder"":8}",,,,,,,
8.0,vehicle,veh-1,veh-1:cpu,cpu,1,0,0,0,0.06642857142857272,0.00830357142857159,1,71.22137850377123,,0,1073741824,"{""accelerator"":0,""cpu"":0,""encoder"":0}","{""accelerator"":8,""cpu"":8,""encoder"":8}",,,,,,,
8.0,vehicle,veh-1,veh-1:encoder,encoder,1,0,0,0,0.04042972571428616,0.00505371571428577,1,71.22137850377123,,0,1073741824,"{""accelerator"":0,""cpu"":0,""encoder"":0}","{""accelerator"":8,""cpu"":8,""encoder"":8}",,,,,,,
8.0,vehicle,veh-2,veh-2:accelerator,accelerator,1,0,0,0,0.41127939971428495,0.05140992496428562,1,56.15299500936458,,0,805306368,"{""accelerator"":0,""cpu"":0,""encoder"":0}","{""accelerator"":6,""cpu"":6,""encoder"":6}",,,,,,,
8.0,vehicle,veh-2,veh-2:cpu,cpu,1,0,0,0,0.03642857142857214,0.004553571428571518,1,56.15299500936458,,0,805306368,"{""accelerator"":0,""cpu"":0,""encoder"":0}","{""accelerator"":6,""cpu"":6,""encoder"":6}",,,,,,,
8.0,vehicle,veh-2,veh-2:encoder,encoder,1,0,0,0,0.035938799999999604,0.0044923499999999505,1,56.15299500936458,,0,805306368,"{""accelerator"":0,""cpu"":0,""encoder"":0}","{""accelerator"":6,""cpu"":6,""encoder"":6}",,,,,,,
8.0,rsu,rsu-1,rsu-1:ingress,rsu_ingress_cpu,1,0,0,0,0.013285714285714567,0.001660714285714321,1,579.8329352561477,0.0,,,,,0,16,0,8589934592,0.0,30.0,False
8.0,rsu,rsu-1,rsu-1:gpu,rsu_gpu,2,0,0,0,0.08548853114285748,0.005343033196428593,1,579.8329352561477,0.0,,,,,0,16,0,8589934592,0.0,30.0,False
8.0,rsu,rsu-2,rsu-2:ingress,rsu_ingress_cpu,1,0,0,0,0.01157142857142901,0.0014464285714286262,1,467.0193859304656,0.0,,,,,0,10,0,6442450944,0.0,18.0,False
8.0,rsu,rsu-2,rsu-2:gpu,rsu_gpu,1,0,0,0,0.07925367085714186,0.009906708857142732,1,467.0193859304656,0.0,,,,,0,10,0,6442450944,0.0,18.0,False
8.022651546,vehicle,veh-1,veh-1:accelerator,accelerator,1,0,0,0,0.4850141659999989,0.060455594165973875,1,71.40259087177124,,0,1073741824,"{""accelerator"":0,""cpu"":0,""encoder"":0}","{""accelerator"":8,""cpu"":8,""encoder"":8}",,,,,,,
8.022651546,vehicle,veh-1,veh-1:cpu,cpu,1,0,0,0,0.06642857142857272,0.008280126719662058,1,71.40259087177124,,0,1073741824,"{""accelerator"":0,""cpu"":0,""encoder"":0}","{""accelerator"":8,""cpu"":8,""encoder"":8}",,,,,,,
8.022651546,vehicle,veh-1,veh-1:encoder,encoder,1,0,0,0,0.04042972571428616,0.00503944680664137,1,71.40259087177124,,0,1073741824,"{""accelerator"":0,""cpu"":0,""encoder"":0}","{""accelerator"":8,""cpu"":8,""encoder"":8}",,,,,,,
8.022651546,vehicle,veh-2,veh-2:accelerator,accelerator,1,0,1,0.0409648,0.41127939971428495,0.05126477167257053,1,56.30023005836458,,67108864,805306368,"{""accelerator"":1,""cpu"":0,""encoder"":0}","{""accelerator"":6,""cpu"":6,""encoder"":6}",,,,,,,
8.022651546,vehicle,veh-2,veh-2:cpu,cpu,1,0,0,0,0.03642857142857214,0.0045407146527179035,1,56.30023005836458,,67108864,805306368,"{""accelerator"":1,""cpu"":0,""encoder"":0}","{""accelerator"":6,""cpu"":6,""encoder"":6}",,,,,,,
8.022651546,vehicle,veh-2,veh-2:encoder,encoder,1,0,0,0,0.035938799999999604,0.004479666079716283,1,56.30023005836458,,67108864,805306368,"{""accelerator"":1,""cpu"":0,""encoder"":0}","{""accelerator"":6,""cpu"":6,""encoder"":6}",,,,,,,
8.022651546,rsu,rsu-1,rsu-1:ingress,rsu_ingress_cpu,1,0,0,0,0.013285714285714567,0.0016560253439324144,1,581.4638465681478,0.0,,,,,0,16,0,8589934592,0.0,30.0,False
8.022651546,rsu,rsu-1,rsu-1:gpu,rsu_gpu,2,0,0,0,0.08548853114285748,0.005327947415682105,1,581.4638465681478,0.0,,,,,0,16,0,8589934592,0.0,30.0,False
8.022651546,rsu,rsu-2,rsu-2:ingress,rsu_ingress_cpu,1,0,0,0,0.01157142857142901,0.001442344654392772,1,468.33317559846563,0.0,,,,,0,10,0,6442450944,0.0,18.0,False
8.022651546,rsu,rsu-2,rsu-2:gpu,rsu_gpu,1,0,0,0,0.07925367085714186,0.00987873777176036,1,468.33317559846563,0.0,,,,,0,10,0,6442450944,0.0,18.0,False
8.04,vehicle,veh-1,veh-1:accelerator,accelerator,1,0,0,0,0.4850141659999989,0.060325145024875494,1,71.54137850377123,,0,1073741824,"{""accelerator"":0,""cpu"":0,""encoder"":0}","{""accelerator"":8,""cpu"":8,""encoder"":8}",,,,,,,
8.04,vehicle,veh-1,veh-1:cpu,cpu,1,0,0,0,0.06642857142857272,0.008262260127931931,1,71.54137850377123,,0,1073741824,"{""accelerator"":0,""cpu"":0,""encoder"":0}","{""accelerator"":8,""cpu"":8,""encoder"":8}",,,,,,,
8.04,vehicle,veh-1,veh-1:encoder,encoder,1,0,0,0,0.04042972571428616,0.0050285728500355925,1,71.54137850377123,,0,1073741824,"{""accelerator"":0,""cpu"":0,""encoder"":0}","{""accelerator"":8,""cpu"":8,""encoder"":8}",,,,,,,
8.04,vehicle,veh-2,veh-2:accelerator,accelerator,1,0,1,0.023616346000001377,0.4286278537142836,0.05331192210376662,1,56.543455384291555,,67108864,805306368,"{""accelerator"":1,""cpu"":0,""encoder"":0}","{""accelerator"":6,""cpu"":6,""encoder"":6}",,,,,,,
8.04,vehicle,veh-2,veh-2:cpu,cpu,1,0,0,0,0.03642857142857214,0.004530916844349769,1,56.543455384291555,,67108864,805306368,"{""accelerator"":1,""cpu"":0,""encoder"":0}","{""accelerator"":6,""cpu"":6,""encoder"":6}",,,,,,,
8.04,vehicle,veh-2,veh-2:encoder,encoder,1,0,0,0,0.035938799999999604,0.0044699999999999514,1,56.543455384291555,,67108864,805306368,"{""accelerator"":1,""cpu"":0,""encoder"":0}","{""accelerator"":6,""cpu"":6,""encoder"":6}",,,,,,,
8.04,rsu,rsu-1,rsu-1:ingress,rsu_ingress_cpu,1,0,0,0,0.013285714285714567,0.0016524520255863891,1,582.7129352561477,0.0,,,,,0,16,0,8589934592,0.0,30.0,False
8.04,rsu,rsu-1,rsu-1:gpu,rsu_gpu,2,0,0,0,0.08548853114285748,0.005316450941719993,1,582.7129352561477,0.0,,,,,0,16,0,8589934592,0.0,30.0,False
8.04,rsu,rsu-2,rsu-2:ingress,rsu_ingress_cpu,1,0,0,0,0.01157142857142901,0.001439232409381718,1,469.33938593046554,0.0,,,,,0,10,0,6442450944,0.0,18.0,False
8.04,rsu,rsu-2,rsu-2:gpu,rsu_gpu,1,0,0,0,0.07925367085714186,0.00985742174840073,1,469.33938593046554,0.0,,,,,0,10,0,6442450944,0.0,18.0,False
8.063616346,vehicle,veh-1,veh-1:accelerator,accelerator,1,0,0,0,0.4850141659999989,0.06014846753474237,1,71.73030927177123,,0,1073741824,"{""accelerator"":0,""cpu"":0,""encoder"":0}","{""accelerator"":8,""cpu"":8,""encoder"":8}",,,,,,,
8.063616346,vehicle,veh-1,veh-1:cpu,cpu,1,0,0,0,0.06642857142857272,0.008238062003225757,1,71.73030927177123,,0,1073741824,"{""accelerator"":0,""cpu"":0,""encoder"":0}","{""accelerator"":8,""cpu"":8,""encoder"":8}",,,,,,,
8.063616346,vehicle,veh-1,veh-1:encoder,encoder,1,0,0,0,0.04042972571428616,0.005013845398825496,1,71.73030927177123,,0,1073741824,"{""accelerator"":0,""cpu"":0,""encoder"":0}","{""accelerator"":8,""cpu"":8,""encoder"":8}",,,,,,,
8.063616346,vehicle,veh-2,veh-2:accelerator,accelerator,1,0,0,0,0.4522441997142843,0.056084538290146015,1,56.878556556364565,,268435456,805306368,"{""accelerator"":1,""cpu"":1,""encoder"":1}","{""accelerator"":6,""cpu"":6,""encoder"":6}",,,,,,,
8.063616346,vehicle,veh-2,veh-2:cpu,cpu,1,0,0,0,0.03642857142857214,0.004517646904994771,1,56.878556556364565,,268435456,805306368,"{""accelerator"":1,""cpu"":1,""encoder"":1}","{""accelerator"":6,""cpu"":6,""encoder"":6}",,,,,,,
8.063616346,vehicle,veh-2,veh-2:encoder,encoder,1,0,0,0,0.035938799999999604,0.004456908471076658,1,56.878556556364565,,268435456,805306368,"{""accelerator"":1,""cpu"":1,""encoder"":1}","{""accelerator"":6,""cpu"":6,""encoder"":6}",,,,,,,
8.063616346,rsu,rsu-1,rsu-1:ingress,rsu_ingress_cpu,1,0,0,0,0.013285714285714567,0.0016476124006451543,1,584.4133121681477,0.0,,,,,0,16,0,8589934592,0.0,30.0,False
8.063616346,rsu,rsu-1,rsu-1:gpu,rsu_gpu,2,0,0,0,0.08548853114285748,0.005300880366491179,1,584.4133121681477,0.0,,,,,0,16,0,8589934592,0.0,30.0,False
8.063616346,rsu,rsu-2,rsu-2:ingress,rsu_ingress_cpu,1,0,0,0,0.01157142857142901,0.0014350172521748357,1,470.7091339984656,0.0,,,,,0,10,0,6442450944,0.0,18.0,False
8.063616346,rsu,rsu-2,rsu-2:gpu,rsu_gpu,1,0,0,0,0.07925367085714186,0.009828551788237801,1,470.7091339984656,0.0,,,,,0,10,0,6442450944,0.0,18.0,False
8.064416346,vehicle,veh-1,veh-1:accelerator,accelerator,1,0,0,0,0.4850141659999989,0.06014250073293512,1,71.73670927177123,,0,1073741824,"{""accelerator"":0,""cpu"":0,""encoder"":0}","{""accelerator"":8,""cpu"":8,""encoder"":8}",,,,,,,
8.064416346,vehicle,veh-1,veh-1:cpu,cpu,1,0,0,0,0.06642857142857272,0.008237244777363423,1,71.73670927177123,,0,1073741824,"{""accelerator"":0,""cpu"":0,""encoder"":0}","{""accelerator"":8,""cpu"":8,""encoder"":8}",,,,,,,
8.064416346,vehicle,veh-1,veh-1:encoder,encoder,1,0,0,0,0.04042972571428616,0.005013348019207807,1,71.73670927177123,,0,1073741824,"{""accelerator"":0,""cpu"":0,""encoder"":0}","{""accelerator"":8,""cpu"":8,""encoder"":8}",,,,,,,
8.064416346,vehicle,veh-2,veh-2:accelerator,accelerator,1,0,1,0.042864621,0.4522441997142843,0.056078974635108,1,56.883852556364566,,268435456,805306368,"{""accelerator"":1,""cpu"":1,""encoder"":1}","{""accelerator"":6,""cpu"":6,""encoder"":6}",,,,,,,
8.064416346,vehicle,veh-2,veh-2:cpu,cpu,1,0,0,0,0.03642857142857214,0.004517198748876717,1,56.883852556364566,,268435456,805306368,"{""accelerator"":1,""cpu"":1,""encoder"":1}","{""accelerator"":6,""cpu"":6,""encoder"":6}",,,,,,,
8.064416346,vehicle,veh-2,veh-2:encoder,encoder,1,0,0,0,0.035938799999999604,0.0044564663402858005,1,56.883852556364566,,268435456,805306368,"{""accelerator"":1,""cpu"":1,""encoder"":1}","{""accelerator"":6,""cpu"":6,""encoder"":6}",,,,,,,
8.064416346,rsu,rsu-1,rsu-1:ingress,rsu_ingress_cpu,1,0,0,0,0.013285714285714567,0.0016474489554726874,1,584.4709121681477,0.0,,,,,0,16,0,8589934592,0.0,30.0,False
8.064416346,rsu,rsu-1,rsu-1:gpu,rsu_gpu,2,0,0,0,0.08548853114285748,0.005300354512652383,1,584.4709121681477,0.0,,,,,0,16,0,8589934592,0.0,30.0,False
8.064416346,rsu,rsu-2,rsu-2:ingress,rsu_ingress_cpu,1,0,0,0,0.01157142857142901,0.001434874896702042,1,470.7555339984656,0.0,,,,,0,10,0,6442450944,0.0,18.0,False
8.064416346,rsu,rsu-2,rsu-2:gpu,rsu_gpu,1,0,0,0,0.07925367085714186,0.009827576783836584,1,470.7555339984656,0.0,,,,,0,10,0,6442450944,0.0,18.0,False
8.107280967,vehicle,veh-1,veh-1:accelerator,accelerator,1,0,0,0,0.4850141659999989,0.0598245167491059,1,72.07962623977123,,0,1073741824,"{""accelerator"":0,""cpu"":0,""encoder"":0}","{""accelerator"":8,""cpu"":8,""encoder"":8}",,,,,,,
8.107280967,vehicle,veh-1,veh-1:cpu,cpu,1,0,0,0,0.06642857142857272,0.008193693014830077,1,72.07962623977123,,0,1073741824,"{""accelerator"":0,""cpu"":0,""encoder"":0}","{""accelerator"":8,""cpu"":8,""encoder"":8}",,,,,,,
8.107280967,vehicle,veh-1,veh-1:encoder,encoder,1,0,0,0,0.04042972571428616,0.004986841566099896,1,72.07962623977123,,0,1073741824,"{""accelerator"":0,""cpu"":0,""encoder"":0}","{""accelerator"":8,""cpu"":8,""encoder"":8}",,,,,,,
8.107280967,vehicle,veh-2,veh-2:accelerator,accelerator,1,0,0,0,0.49510882071428397,0.06106965118509923,1,57.53196562338456,,268435456,805306368,"{""accelerator"":1,""cpu"":1,""encoder"":1}","{""accelerator"":6,""cpu"":6,""encoder"":6}",,,,,,,
8.107280967,vehicle,veh-2,veh-2:cpu,cpu,1,0,1,0.0075,0.03642857142857214,0.004493315524261655,1,57.53196562338456,,268435456,805306368,"{""accelerator"":1,""cpu"":1,""encoder"":1}","{""accelerator"":6,""cpu"":6,""encoder"":6}",,,,,,,
8.107280967,vehicle,veh-2,veh-2:encoder,encoder,1,0,0,0,0.035938799999999604,0.0044329042186012114,1,57.53196562338456,,268435456,805306368,"{""accelerator"":1,""cpu"":1,""encoder"":1}","{""accelerator"":6,""cpu"":6,""encoder"":6}",,,,,,,
8.107280967,rsu,rsu-1,rsu-1:ingress,rsu_ingress_cpu,1,0,0,0,0.013285714285714567,0.001638738602966018,1,587.5571648801476,0.0,,,,,0,16,0,8589934592,0.0,30.0,False
8.107280967,rsu,rsu-1,rsu-1:gpu,rsu_gpu,2,0,0,0,0.08548853114285748,0.005272330605713019,1,587.5571648801476,0.0,,,,,0,16,0,8589934592,0.0,30.0,False
8.107280967,rsu,rsu-2,rsu-2:ingress,rsu_ingress_cpu,1,0,0,0,0.01157142857142901,0.0014272884606478461,1,473.2416820164656,0.0,,,,,0,10,0,6442450944,0.0,18.0,False
8.107280967,rsu,rsu-2,rsu-2:gpu,rsu_gpu,1,0,0,0,0.07925367085714186,0.009775616656156018,1,473.2416820164656,0.0,,,,,0,10,0,6442450944,0.0,18.0,False
8.114780967,vehicle,veh-1,veh-1:accelerator,accelerator,1,0,0,0,0.4850141659999989,0.059769224575793645,1,72.13962623977123,,0,1073741824,"{""accelerator"":0,""cpu"":0,""encoder"":0}","{""accelerator"":8,""cpu"":8,""encoder"":8}",,,,,,,
8.114780967,vehicle,veh-1,veh-1:cpu,cpu,1,0,0,0,0.06642857142857272,0.008186120081209178,1,72.13962623977123,,0,1073741824,"{""accelerator"":0,""cpu"":0,""encoder"":0}","{""accelerator"":8,""cpu"":8,""encoder"":8}",,,,,,,
8.114780967,vehicle,veh-1,veh-1:encoder,encoder,1,0,0,0,0.04042972571428616,0.004982232530822438,1,72.13962623977123,,0,1073741824,"{""accelerator"":0,""cpu"":0,""encoder"":0}","{""accelerator"":8,""cpu"":8,""encoder"":8}",,,,,,,
8.114780967,vehicle,veh-2,veh-2:accelerator,accelerator,1,0,0,0,0.49510882071428397,0.061013208209527756,1,57.626615623384566,,268435456,805306368,"{""accelerator"":1,""cpu"":1,""encoder"":1}","{""accelerator"":6,""cpu"":6,""encoder"":6}",,,,,,,
8.114780967,vehicle,veh-2,veh-2:cpu,cpu,1,0,0,0,0.04392857142857243,0.005413401989186732,1,57.626615623384566,,268435456,805306368,"{""accelerator"":1,""cpu"":1,""encoder"":1}","{""accelerator"":6,""cpu"":6,""encoder"":6}",,,,,,,
8.114780967,vehicle,veh-2,veh-2:encoder,encoder,1,0,1,0.00737912,0.035938799999999604,0.004428807154025505,1,57.626615623384566,,268435456,805306368,"{""accelerator"":1,""cpu"":1,""encoder"":1}","{""accelerator"":6,""cpu"":6,""encoder"":6}",,,,,,,
8.114780967,rsu,rsu-1,rsu-1:ingress,rsu_ingress_cpu,1,0,0,0,0.013285714285714567,0.0016372240162418382,1,588.0971648801476,0.0,,,,,0,16,0,8589934592,0.0,30.0,False
8.114780967,rsu,rsu-1,rsu-1:gpu,rsu_gpu,2,0,0,0,0.08548853114285748,0.005267457710227158,1,588.0971648801476,0.0,,,,,0,16,0,8589934592,0.0,30.0,False
8.114780967,rsu,rsu-2,rsu-2:ingress,rsu_ingress_cpu,1,0,0,0,0.01157142857142901,0.0014259693044687215,1,473.6766820164656,0.0,,,,,0,10,0,6442450944,0.0,18.0,False
8.114780967,rsu,rsu-2,rsu-2:gpu,rsu_gpu,1,0,0,0,0.07925367085714186,0.00976658164643495,1,473.6766820164656,0.0,,,,,0,10,0,6442450944,0.0,18.0,False
8.122160087,vehicle,veh-1,veh-1:accelerator,accelerator,1,0,0,0,0.4850141659999989,0.0597149232229851,1,72.19865919977123,,0,1073741824,"{""accelerator"":0,""cpu"":0,""encoder"":0}","{""accelerator"":8,""cpu"":8,""encoder"":8}",,,,,,,
8.122160087,vehicle,veh-1,veh-1:cpu,cpu,1,0,0,0,0.06642857142857272,0.00817868285247118,1,72.19865919977123,,0,1073741824,"{""accelerator"":0,""cpu"":0,""encoder"":0}","{""accelerator"":8,""cpu"":8,""encoder"":8}",,,,,,,
8.122160087,vehicle,veh-1,veh-1:encoder,encoder,1,0,0,0,0.04042972571428616,0.004977706088186607,1,72.19865919977123,,0,1073741824,"{""accelerator"":0,""cpu"":0,""encoder"":0}","{""accelerator"":8,""cpu"":8,""encoder"":8}",,,,,,,
8.122160087,vehicle,veh-2,veh-2:accelerator,accelerator,1,0,0,0,0.49510882071428397,0.060957776676519235,1,57.72136099778456,,268435456,805306368,"{""accelerator"":1,""cpu"":0,""encoder"":0}","{""accelerator"":6,""cpu"":6,""encoder"":6}",,,,,,,
8.122160087,vehicle,veh-2,veh-2:cpu,cpu,1,0,0,0,0.04392857142857243,0.005408483821795476,1,57.72136099778456,,268435456,805306368,"{""accelerator"":1,""cpu"":0,""encoder"":0}","{""accelerator"":6,""cpu"":6,""encoder"":6}",,,,,,,
8.122160087,vehicle,veh-2,veh-2:encoder,encoder,1,0,0,0,0.04331791999999912,0.005333300444217054,1,57.72136099778456,,268435456,805306368,"{""accelerator"":1,""cpu"":0,""encoder"":0}","{""accelerator"":6,""cpu"":6,""encoder"":6}",,,,,,,
8.122160087,rsu,rsu-1,rsu-1:ingress,rsu_ingress_cpu,1,0,0,0,0.013285714285714567,0.001635736570494239,1,588.6284615201475,0.0,,,,,0,16,0,8589934592,0.0,30.0,False
8.122160087,rsu,rsu-1,rsu-1:gpu,rsu_gpu,2,0,0,0,0.08548853114285748,0.0052626721356851215,1,588.6284615201475,0.0,,,,,0,16,0,8589934592,0.0,30.0,False
8.122160087,rsu,rsu-2,rsu-2:ingress,rsu_ingress_cpu,1,0,0,0,0.01157142857142901,0.0014246737872046834,1,474.10467097646557,0.0,,,,,0,10,0,6442450944,0.0,18.0,False
8.122160087,rsu,rsu-2,rsu-2:gpu,rsu_gpu,1,0,0,0,0.07925367085714186,0.00975770854159746,1,474.10467097646557,0.0,,,,,0,10,0,6442450944,0.0,18.0,False
8.122960087,vehicle,veh-1,veh-1:accelerator,accelerator,1,0,0,0,0.4850141659999989,0.05970904212322999,1,72.20505919977123,,0,1073741824,"{""accelerator"":0,""cpu"":0,""encoder"":0}","{""accelerator"":8,""cpu"":8,""encoder"":8}",,,,,,,
8.122960087,vehicle,veh-1,veh-1:cpu,cpu,1,0,0,0,0.06642857142857272,0.008177877364544131,1,72.20505919977123,,0,1073741824,"{""accelerator"":0,""cpu"":0,""encoder"":0}","{""accelerator"":8,""cpu"":8,""encoder"":8}",,,,,,,
8.122960087,vehicle,veh-1,veh-1:encoder,encoder,1,0,0,0,0.04042972571428616,0.004977215852505538,1,72.20505919977123,,0,1073741824,"{""accelerator"":0,""cpu"":0,""encoder"":0}","{""accelerator"":8,""cpu"":8,""encoder"":8}",,,,,,,
8.122960087,vehicle,veh-2,veh-2:accelerator,accelerator,1,0,0,0,0.49510882071428397,0.0609517731727695,1,57.72665699778456,,268435456,805306368,"{""accelerator"":1,""cpu"":0,""encoder"":0}","{""accelerator"":6,""cpu"":6,""encoder"":6}",,,,,,,
8.122960087,vehicle,veh-2,veh-2:cpu,cpu,1,0,0,0,0.04392857142857243,0.005407951160424362,1,57.72665699778456,,268435456,805306368,"{""accelerator"":1,""cpu"":0,""encoder"":0}","{""accelerator"":6,""cpu"":6,""encoder"":6}",,,,,,,
8.122960087,vehicle,veh-2,veh-2:encoder,encoder,1,0,0,0,0.04331791999999912,0.005332775187375992,1,57.72665699778456,,268435456,805306368,"{""accelerator"":1,""cpu"":0,""encoder"":0}","{""accelerator"":6,""cpu"":6,""encoder"":6}",,,,,,,
8.122960087,rsu,rsu-1,rsu-1:ingress,rsu_ingress_cpu,1,0,0,0,0.013285714285714567,0.001635575472908829,1,588.6860615201475,0.0,,,,,0,16,0,8589934592,0.0,30.0,False
8.122960087,rsu,rsu-1,rsu-1:gpu,rsu_gpu,2,0,0,0,0.08548853114285748,0.005262153834762372,1,588.6860615201475,0.0,,,,,0,16,0,8589934592,0.0,30.0,False
8.122960087,rsu,rsu-2,rsu-2:ingress,rsu_ingress_cpu,1,0,0,0,0.01157142857142901,0.0014245334764044879,1,474.1510709764656,0.0,,,,,0,10,0,6442450944,0.0,18.0,False
8.122960087,rsu,rsu-2,rsu-2:gpu,rsu_gpu,1,0,0,0,0.07925367085714186,0.009756747541327894,1,474.1510709764656,0.0,,,,,0,10,0,6442450944,0.0,18.0,False
8.19317522758789,vehicle,veh-1,veh-1:accelerator,accelerator,1,0,0,0,0.4850141659999989,0.0591973383367744,1,72.76678032447435,,0,1073741824,"{""accelerator"":0,""cpu"":0,""encoder"":0}","{""accelerator"":8,""cpu"":8,""encoder"":8}",,,,,,,
8.19317522758789,vehicle,veh-1,veh-1:cpu,cpu,1,0,0,0,0.06642857142857272,0.008107793325949604,1,72.76678032447435,,0,1073741824,"{""accelerator"":0,""cpu"":0,""encoder"":0}","{""accelerator"":8,""cpu"":8,""encoder"":8}",,,,,,,
8.19317522758789,vehicle,veh-1,veh-1:encoder,encoder,1,0,0,0,0.04042972571428616,0.004934561338094176,1,72.76678032447435,,0,1073741824,"{""accelerator"":0,""cpu"":0,""encoder"":0}","{""accelerator"":8,""cpu"":8,""encoder"":8}",,,,,,,
8.19317522758789,vehicle,veh-2,veh-2:accelerator,accelerator,1,0,0,0,0.49510882071428397,0.06042941923750926,1,58.42319119241644,,268435456,805306368,"{""accelerator"":1,""cpu"":0,""encoder"":0}","{""accelerator"":6,""cpu"":6,""encoder"":6}",,,,,,,
8.19317522758789,vehicle,veh-2,veh-2:cpu,cpu,1,0,0,0,0.04392857142857243,0.005361605263934433,1,58.42319119241644,,268435456,805306368,"{""accelerator"":1,""cpu"":0,""encoder"":0}","{""accelerator"":6,""cpu"":6,""encoder"":6}",,,,,,,
8.19317522758789,vehicle,veh-2,veh-2:encoder,encoder,1,0,0,0,0.04331791999999912,0.005287073545569967,1,58.42319119241644,,268435456,805306368,"{""accelerator"":1,""cpu"":0,""encoder"":0}","{""accelerator"":6,""cpu"":6,""encoder"":6}",,,,,,,
8.19317522758789,rsu,rsu-1,rsu-1:ingress,rsu_ingress_cpu,1,0,0,0,0.013285714285714567,0.0016215586651899235,1,593.7415516424757,0.0,,,,,0,16,0,8589934592,0.0,30.0,False
8.19317522758789,rsu,rsu-1,rsu-1:gpu,rsu_gpu,2,0,0,0,0.08548853114285748,0.005217057414749429,1,593.7415516424757,0.0,,,,,0,16,0,8589934592,0.0,30.0,False
8.19317522758789,rsu,rsu-2,rsu-2:ingress,rsu_ingress_cpu,1,0,1,0.003,0.01157142857142901,0.0014123252890364086,1,478.3183395703569,0.0,,,,,1,10,805306368,6442450944,0.03,18.0,False
8.19317522758789,rsu,rsu-2,rsu-2:gpu,rsu_gpu,1,0,0,0,0.07925367085714186,0.009673132656833767,1,478.3183395703569,0.0,,,,,1,10,805306368,6442450944,0.03,18.0,False
8.19617522758789,vehicle,veh-1,veh-1:accelerator,accelerator,1,0,0,0,0.4850141659999989,0.05917567066739459,1,72.79078032447435,,0,1073741824,"{""accelerator"":0,""cpu"":0,""encoder"":0}","{""accelerator"":8,""cpu"":8,""encoder"":8}",,,,,,,
8.19617522758789,vehicle,veh-1,veh-1:cpu,cpu,1,0,0,0,0.06642857142857272,0.008104825675880828,1,72.79078032447435,,0,1073741824,"{""accelerator"":0,""cpu"":0,""encoder"":0}","{""accelerator"":8,""cpu"":8,""encoder"":8}",,,,,,,
8.19617522758789,vehicle,veh-1,veh-1:encoder,encoder,1,0,0,0,0.04042972571428616,0.004932755168313368,1,72.79078032447435,,0,1073741824,"{""accelerator"":0,""cpu"":0,""encoder"":0}","{""accelerator"":8,""cpu"":8,""encoder"":8}",,,,,,,
8.19617522758789,vehicle,veh-2,veh-2:accelerator,accelerator,1,0,0,0,0.49510882071428397,0.06040730059647505,1,58.44305119241644,,268435456,805306368,"{""accelerator"":1,""cpu"":0,""encoder"":0}","{""accelerator"":6,""cpu"":6,""encoder"":6}",,,,,,,
8.19617522758789,vehicle,veh-2,veh-2:cpu,cpu,1,0,0,0,0.04392857142857243,0.005359642785663146,1,58.44305119241644,,268435456,805306368,"{""accelerator"":1,""cpu"":0,""encoder"":0}","{""accelerator"":6,""cpu"":6,""encoder"":6}",,,,,,,
8.19617522758789,vehicle,veh-2,veh-2:encoder,encoder,1,0,0,0,0.04331791999999912,0.005285138347725083,1,58.44305119241644,,268435456,805306368,"{""accelerator"":1,""cpu"":0,""encoder"":0}","{""accelerator"":6,""cpu"":6,""encoder"":6}",,,,,,,
8.19617522758789,rsu,rsu-1,rsu-1:ingress,rsu_ingress_cpu,1,0,0,0,0.013285714285714567,0.0016209651351761685,1,593.9575516424757,0.0,,,,,0,16,0,8589934592,0.0,30.0,False
8.19617522758789,rsu,rsu-1,rsu-1:gpu,rsu_gpu,2,0,0,0,0.08548853114285748,0.005215147844515795,1,593.9575516424757,0.0,,,,,0,16,0,8589934592,0.0,30.0,False
8.19617522758789,rsu,rsu-2,rsu-2:ingress,rsu_ingress_cpu,1,0,0,0,0.014571428571429124,0.0017778327289029242,1,478.5455395703569,0.0,,,,,1,10,805306368,6442450944,0.03,18.0,False
8.19617522758789,rsu,rsu-2,rsu-2:gpu,rsu_gpu,1,0,1,0.020547248,0.07925367085714186,0.009669592054398522,1,478.5455395703569,0.0,,,,,1,10,805306368,6442450944,0.03,18.0,False
8.21672247558789,vehicle,veh-1,veh-1:accelerator,accelerator,1,0,0,0,0.4850141659999989,0.059027692299574365,1,72.95515830847435,,0,1073741824,"{""accelerator"":0,""cpu"":0,""encoder"":0}","{""accelerator"":8,""cpu"":8,""encoder"":8}",,,,,,,
8.21672247558789,vehicle,veh-1,veh-1:cpu,cpu,1,0,0,0,0.06642857142857272,0.008084558243987655,1,72.95515830847435,,0,1073741824,"{""accelerator"":0,""cpu"":0,""encoder"":0}","{""accelerator"":8,""cpu"":8,""encoder"":8}",,,,,,,
8.21672247558789,vehicle,veh-1,veh-1:encoder,encoder,1,0,0,0,0.04042972571428616,0.004920420013503437,1,72.95515830847435,,0,1073741824,"{""accelerator"":0,""cpu"":0,""encoder"":0}","{""accelerator"":8,""cpu"":8,""encoder"":8}",,,,,,,
8.21672247558789,vehicle,veh-2,veh-2:accelerator,accelerator,1,0,0,0,0.49510882071428397,0.060256242338142245,1,58.57907397417644,,268435456,805306368,"{""accelerator"":1,""cpu"":0,""encoder"":0}","{""accelerator"":6,""cpu"":6,""encoder"":6}",,,,,,,
8.21672247558789,vehicle,veh-2,veh-2:cpu,cpu,1,0,0,0,0.04392857142857243,0.005346240129088627,1,58.57907397417644,,268435456,805306368,"{""accelerator"":1,""cpu"":0,""encoder"":0}","{""accelerator"":6,""cpu"":6,""encoder"":6}",,,,,,,
8.21672247558789,vehicle,veh-2,veh-2:encoder,encoder,1,0,0,0,0.04331791999999912,0.005271922001588573,1,58.57907397417644,,268435456,805306368,"{""accelerator"":1,""cpu"":0,""encoder"":0}","{""accelerator"":6,""cpu"":6,""encoder"":6}",,,,,,,
8.21672247558789,rsu,rsu-1,rsu-1:ingress,rsu_ingress_cpu,1,0,0,0,0.013285714285714567,0.0016169116487975337,1,595.4369534984756,0.0,,,,,0,16,0,8589934592,0.0,30.0,False
8.21672247558789,rsu,rsu-1,rsu-1:gpu,rsu_gpu,2,0,0,0,0.08548853114285748,0.005202106520990959,1,595.4369534984756,0.0,,,,,0,16,0,8589934592,0.0,30.0,False
8.21672247558789,rsu,rsu-2,rsu-2:ingress,rsu_ingress_cpu,1,0,0,0,0.014571428571429124,0.0017733869696489376,1,480.56738877655687,0.0,,,,,0,10,0,6442450944,0.0,18.0,False
8.21672247558789,rsu,rsu-2,rsu-2:gpu,rsu_gpu,1,0,0,0,0.0998009188571416,0.01214607395511445,1,480.56738877655687,0.0,,,,,0,10,0,6442450944,0.0,18.0,False
8.21687250170392,vehicle,veh-1,veh-1:accelerator,accelerator,1,0,0,0,0.4850141659999989,0.059026614554311546,1,72.95635851740259,,0,1073741824,"{""accelerator"":0,""cpu"":0,""encoder"":0}","{""accelerator"":8,""cpu"":8,""encoder"":8}",,,,,,,
8.21687250170392,vehicle,veh-1,veh-1:cpu,cpu,1,0,0,0,0.06642857142857272,0.00808441063370492,1,72.95635851740259,,0,1073741824,"{""accelerator"":0,""cpu"":0,""encoder"":0}","{""accelerator"":8,""cpu"":8,""encoder"":8}",,,,,,,
8.21687250170392,vehicle,veh-1,veh-1:encoder,encoder,1,0,0,0,0.04042972571428616,0.004920330175002997,1,72.95635851740259,,0,1073741824,"{""accelerator"":0,""cpu"":0,""encoder"":0}","{""accelerator"":8,""cpu"":8,""encoder"":8}",,,,,,,
8.21687250170392,vehicle,veh-2,veh-2:accelerator,accelerator,1,0,0,0,0.49510882071428397,0.06025514216164533,1,58.58024717840379,,268435456,805306368,"{""accelerator"":1,""cpu"":0,""encoder"":0}","{""accelerator"":6,""cpu"":6,""encoder"":6}",,,,,,,
8.21687250170392,vehicle,veh-2,veh-2:cpu,cpu,1,0,0,0,0.04392857142857243,0.005346142515837142,1,58.58024717840379,,268435456,805306368,"{""accelerator"":1,""cpu"":0,""encoder"":0}","{""accelerator"":6,""cpu"":6,""encoder"":6}",,,,,,,
8.21687250170392,vehicle,veh-2,veh-2:encoder,encoder,1,0,0,0,0.04331791999999912,0.00527182574525969,1,58.58024717840379,,268435456,805306368,"{""accelerator"":1,""cpu"":0,""encoder"":0}","{""accelerator"":6,""cpu"":6,""encoder"":6}",,,,,,,
8.21687250170392,rsu,rsu-1,rsu-1:ingress,rsu_ingress_cpu,1,0,0,0,0.013285714285714567,0.0016168821267409869,1,595.4477553788298,0.0,,,,,0,16,0,8589934592,0.0,30.0,False
8.21687250170392,rsu,rsu-1,rsu-1:gpu,rsu_gpu,2,0,0,0,0.08548853114285748,0.005202011539374005,1,595.4477553788298,0.0,,,,,0,16,0,8589934592,0.0,30.0,False
8.21687250170392,rsu,rsu-2,rsu-2:ingress,rsu_ingress_cpu,1,0,0,0,0.014571428571429124,0.0017733545906191766,1,480.5768104166436,0.0,,,,,0,10,0,6442450944,0.0,18.0,False
8.21687250170392,rsu,rsu-2,rsu-2:gpu,rsu_gpu,1,0,0,0,0.0998009188571416,0.01214585218846295,1,480.5768104166436,0.0,,,,,0,10,0,6442450944,0.0,18.0,False
8.216872501703921,vehicle,veh-1,veh-1:accelerator,accelerator,1,0,0,0,0.4850141659999989,0.05902661455431153,1,72.9563585174026,,0,1073741824,"{""accelerator"":0,""cpu"":0,""encoder"":0}","{""accelerator"":8,""cpu"":8,""encoder"":8}",,,,,,,
8.216872501703921,vehicle,veh-1,veh-1:cpu,cpu,1,0,0,0,0.06642857142857272,0.008084410633704919,1,72.9563585174026,,0,1073741824,"{""accelerator"":0,""cpu"":0,""encoder"":0}","{""accelerator"":8,""cpu"":8,""encoder"":8}",,,,,,,
8.216872501703921,vehicle,veh-1,veh-1:encoder,encoder,1,0,0,0,0.04042972571428616,0.004920330175002995,1,72.9563585174026,,0,1073741824,"{""accelerator"":0,""cpu"":0,""encoder"":0}","{""accelerator"":8,""cpu"":8,""encoder"":8}",,,,,,,
8.216872501703921,vehicle,veh-2,veh-2:accelerator,accelerator,1,0,0,0,0.49510882071428397,0.06025514216164531,1,58.5802471784038,,0,805306368,"{""accelerator"":0,""cpu"":0,""encoder"":0}","{""accelerator"":6,""cpu"":6,""encoder"":6}",,,,,,,
8.216872501703921,vehicle,veh-2,veh-2:cpu,cpu,1,0,0,0,0.04392857142857243,0.005346142515837141,1,58.5802471784038,,0,805306368,"{""accelerator"":0,""cpu"":0,""encoder"":0}","{""accelerator"":6,""cpu"":6,""encoder"":6}",,,,,,,
8.216872501703921,vehicle,veh-2,veh-2:encoder,encoder,1,0,0,0,0.04331791999999912,0.005271825745259689,1,58.5802471784038,,0,805306368,"{""accelerator"":0,""cpu"":0,""encoder"":0}","{""accelerator"":6,""cpu"":6,""encoder"":6}",,,,,,,
8.216872501703921,rsu,rsu-1,rsu-1:ingress,rsu_ingress_cpu,1,0,0,0,0.013285714285714567,0.0016168821267409865,1,595.4477553788299,0.0,,,,,0,16,0,8589934592,0.0,30.0,False
8.216872501703921,rsu,rsu-1,rsu-1:gpu,rsu_gpu,2,0,0,0,0.08548853114285748,0.005202011539374004,1,595.4477553788299,0.0,,,,,0,16,0,8589934592,0.0,30.0,False
8.216872501703921,rsu,rsu-2,rsu-2:ingress,rsu_ingress_cpu,1,0,0,0,0.014571428571429124,0.0017733545906191762,1,480.5768104166437,0.0,,,,,0,10,0,6442450944,0.0,18.0,False
8.216872501703921,rsu,rsu-2,rsu-2:gpu,rsu_gpu,1,0,0,0,0.0998009188571416,0.012145852188462949,1,480.5768104166437,0.0,,,,,0,10,0,6442450944,0.0,18.0,False
8.25,vehicle,veh-1,veh-1:accelerator,accelerator,1,0,0,0,0.4850141659999989,0.058789595878787744,1,73.22137850377123,,0,1073741824,"{""accelerator"":0,""cpu"":0,""encoder"":0}","{""accelerator"":8,""cpu"":8,""encoder"":8}",,,,,,,
8.25,vehicle,veh-1,veh-1:cpu,cpu,1,0,0,0,0.06642857142857272,0.00805194805194821,1,73.22137850377123,,0,1073741824,"{""accelerator"":0,""cpu"":0,""encoder"":0}","{""accelerator"":8,""cpu"":8,""encoder"":8}",,,,,,,
8.25,vehicle,veh-1,veh-1:encoder,encoder,1,0,0,0,0.04042972571428616,0.004900572813852868,1,73.22137850377123,,0,1073741824,"{""accelerator"":0,""cpu"":0,""encoder"":0}","{""accelerator"":8,""cpu"":8,""encoder"":8}",,,,,,,
8.25,vehicle,veh-2,veh-2:accelerator,accelerator,1,0,0,0,0.49510882071428397,0.06001319038961018,1,58.795575917328314,,0,805306368,"{""accelerator"":0,""cpu"":0,""encoder"":0}","{""accelerator"":6,""cpu"":6,""encoder"":6}",,,,,,,
8.25,vehicle,veh-2,veh-2:cpu,cpu,1,0,0,0,0.04392857142857243,0.0053246753246754455,1,58.795575917328314,,0,805306368,"{""accelerator"":0,""cpu"":0,""encoder"":0}","{""accelerator"":6,""cpu"":6,""encoder"":6}",,,,,,,
8.25,vehicle,veh-2,veh-2:encoder,encoder,1,0,0,0,0.04331791999999912,0.005250656969696863,1,58.795575917328314,,0,805306368,"{""accelerator"":0,""cpu"":0,""encoder"":0}","{""accelerator"":6,""cpu"":6,""encoder"":6}",,,,,,,
8.25,rsu,rsu-1,rsu-1:ingress,rsu_ingress_cpu,1,0,0,0,0.013285714285714567,0.0016103896103896445,1,597.8329352561476,0.0,,,,,0,16,0,8589934592,0.0,30.0,False
8.25,rsu,rsu-1,rsu-1:gpu,rsu_gpu,2,0,0,0,0.08548853114285748,0.00518112309956712,1,597.8329352561476,0.0,,,,,0,16,0,8589934592,0.0,30.0,False
8.25,rsu,rsu-2,rsu-2:ingress,rsu_ingress_cpu,1,0,0,0,0.014571428571429124,0.0017662337662338332,1,482.49820531781626,0.0,,,,,0,10,0,6442450944,0.0,18.0,False
8.25,rsu,rsu-2,rsu-2:gpu,rsu_gpu,1,0,0,0,0.0998009188571416,0.01209708107359292,1,482.49820531781626,0.0,,,,,0,10,0,6442450944,0.0,18.0,False
8.29,vehicle,veh-1,veh-1:accelerator,accelerator,1,0,0,0,0.4850141659999989,0.05850593075995163,1,73.54137850377123,,0,1073741824,"{""accelerator"":0,""cpu"":0,""encoder"":0}","{""accelerator"":8,""cpu"":8,""encoder"":8}",,,,,,,
8.29,vehicle,veh-1,veh-1:cpu,cpu,1,0,0,0,0.06642857142857272,0.008013096674134225,1,73.54137850377123,,0,1073741824,"{""accelerator"":0,""cpu"":0,""encoder"":0}","{""accelerator"":8,""cpu"":8,""encoder"":8}",,,,,,,
8.29,vehicle,veh-1,veh-1:encoder,encoder,1,0,0,0,0.04042972571428616,0.004876927106669018,1,73.54137850377123,,0,1073741824,"{""accelerator"":0,""cpu"":0,""encoder"":0}","{""accelerator"":8,""cpu"":8,""encoder"":8}",,,,,,,
8.29,vehicle,veh-2,veh-2:accelerator,accelerator,1,0,0,0,0.49510882071428397,0.05972362131656019,1,59.05557591732831,,0,805306368,"{""accelerator"":0,""cpu"":0,""encoder"":0}","{""accelerator"":6,""cpu"":6,""encoder"":6}",,,,,,,
8.29,vehicle,veh-2,veh-2:cpu,cpu,1,0,0,0,0.04392857142857243,0.005298983284508134,1,59.05557591732831,,0,805306368,"{""accelerator"":0,""cpu"":0,""encoder"":0}","{""accelerator"":6,""cpu"":6,""encoder"":6}",,,,,,,
8.29,vehicle,veh-2,veh-2:encoder,encoder,1,0,0,0,0.04331791999999912,0.005225322074788797,1,59.05557591732831,,0,805306368,"{""accelerator"":0,""cpu"":0,""encoder"":0}","{""accelerator"":6,""cpu"":6,""encoder"":6}",,,,,,,
8.29,rsu,rsu-1,rsu-1:ingress,rsu_ingress_cpu,1,0,0,0,0.013285714285714567,0.001602619334826848,1,600.7129352561476,0.0,,,,,0,16,0,8589934592,0.0,30.0,False
8.29,rsu,rsu-1,rsu-1:gpu,rsu_gpu,2,0,0,0,0.08548853114285748,0.00515612371187319,1,600.7129352561476,0.0,,,,,0,16,0,8589934592,0.0,30.0,False
8.29,rsu,rsu-2,rsu-2:ingress,rsu_ingress_cpu,1,0,0,0,0.014571428571429124,0.001757711528519798,1,484.8182053178162,0.0,,,,,0,10,0,6442450944,0.0,18.0,False
8.29,rsu,rsu-2,rsu-2:gpu,rsu_gpu,1,0,0,0,0.0998009188571416,0.012038711562984512,1,484.8182053178162,0.0,,,,,0,10,0,6442450944,0.0,18.0,False
8.4,vehicle,veh-1,veh-1:accelerator,accelerator,1,0,0,0,0.4850141659999989,0.05773978166666654,1,74.42137850377124,,0,1073741824,"{""accelerator"":0,""cpu"":0,""encoder"":0}","{""accelerator"":8,""cpu"":8,""encoder"":8}",,,,,,,
8.4,vehicle,veh-1,veh-1:cpu,cpu,1,0,0,0,0.06642857142857272,0.007908163265306276,1,74.42137850377124,,0,1073741824,"{""accelerator"":0,""cpu"":0,""encoder"":0}","{""accelerator"":8,""cpu"":8,""encoder"":8}",,,,,,,
8.4,vehicle,veh-1,veh-1:encoder,encoder,1,0,0,0,0.04042972571428616,0.004813062585034066,1,74.42137850377124,,0,1073741824,"{""accelerator"":0,""cpu"":0,""encoder"":0}","{""accelerator"":8,""cpu"":8,""encoder"":8}",,,,,,,
8.4,vehicle,veh-2,veh-2:accelerator,accelerator,1,0,0,0,0.49510882071428397,0.05894152627550999,1,59.77057591732832,,0,805306368,"{""accelerator"":0,""cpu"":0,""encoder"":0}","{""accelerator"":6,""cpu"":6,""encoder"":6}",,,,,,,
8.4,vehicle,veh-2,veh-2:cpu,cpu,1,0,0,0,0.04392857142857243,0.005229591836734813,1,59.77057591732832,,0,805306368,"{""accelerator"":0,""cpu"":0,""encoder"":0}","{""accelerator"":6,""cpu"":6,""encoder"":6}",,,,,,,
8.4,vehicle,veh-2,veh-2:encoder,encoder,1,0,0,0,0.04331791999999912,0.005156895238095133,1,59.77057591732832,,0,805306368,"{""accelerator"":0,""cpu"":0,""encoder"":0}","{""accelerator"":6,""cpu"":6,""encoder"":6}",,,,,,,
8.4,rsu,rsu-1,rsu-1:ingress,rsu_ingress_cpu,1,0,0,0,0.013285714285714567,0.001581632653061258,1,608.6329352561477,0.0,,,,,0,16,0,8589934592,0.0,30.0,False
8.4,rsu,rsu-1,rsu-1:gpu,rsu_gpu,2,0,0,0,0.08548853114285748,0.005088603044217707,1,608.6329352561477,0.0,,,,,0,16,0,8589934592,0.0,30.0,False
8.4,rsu,rsu-2,rsu-2:ingress,rsu_ingress_cpu,1,0,0,0,0.014571428571429124,0.001734693877551086,1,491.19820531781625,0.0,,,,,0,10,0,6442450944,0.0,18.0,False
8.4,rsu,rsu-2,rsu-2:gpu,rsu_gpu,1,0,0,0,0.0998009188571416,0.011881061768707332,1,491.19820531781625,0.0,,,,,0,10,0,6442450944,0.0,18.0,False
8.5,vehicle,veh-1,veh-1:accelerator,accelerator,1,0,0,0,0.4850141659999989,0.05706049011764693,1,75.22137850377123,,0,1073741824,"{""accelerator"":0,""cpu"":0,""encoder"":0}","{""accelerator"":8,""cpu"":8,""encoder"":8}",,,,,,,
8.5,vehicle,veh-1,veh-1:cpu,cpu,1,0,0,0,0.06642857142857272,0.007815126050420321,1,75.22137850377123,,0,1073741824,"{""accelerator"":0,""cpu"":0,""encoder"":0}","{""accelerator"":8,""cpu"":8,""encoder"":8}",,,,,,,
8.5,vehicle,veh-1,veh-1:encoder,encoder,1,0,0,0,0.04042972571428616,0.004756438319327783,1,75.22137850377123,,0,1073741824,"{""accelerator"":0,""cpu"":0,""encoder"":0}","{""accelerator"":8,""cpu"":8,""encoder"":8}",,,,,,,
8.5,vehicle,veh-2,veh-2:accelerator,accelerator,1,0,0,0,0.49510882071428397,0.058248096554621646,1,60.42057591732832,,0,805306368,"{""accelerator"":0,""cpu"":0,""encoder"":0}","{""accelerator"":6,""cpu"":6,""encoder"":6}",,,,,,,
8.5,vehicle,veh-2,veh-2:cpu,cpu,1,0,0,0,0.04392857142857243,0.005168067226890873,1,60.42057591732832,,0,805306368,"{""accelerator"":0,""cpu"":0,""encoder"":0}","{""accelerator"":6,""cpu"":6,""encoder"":6}",,,,,,,
8.5,vehicle,veh-2,veh-2:encoder,encoder,1,0,0,0,0.04331791999999912,0.005096225882352838,1,60.42057591732832,,0,805306368,"{""accelerator"":0,""cpu"":0,""encoder"":0}","{""accelerator"":6,""cpu"":6,""encoder"":6}",,,,,,,
8.5,rsu,rsu-1,rsu-1:ingress,rsu_ingress_cpu,1,0,0,0,0.013285714285714567,0.0015630252100840667,1,615.8329352561476,0.0,,,,,0,16,0,8589934592,0.0,30.0,False
8.5,rsu,rsu-1,rsu-1:gpu,rsu_gpu,2,0,0,0,0.08548853114285748,0.00502873712605044,1,615.8329352561476,0.0,,,,,0,16,0,8589934592,0.0,30.0,False
8.5,rsu,rsu-2,rsu-2:ingress,rsu_ingress_cpu,1,0,0,0,0.014571428571429124,0.0017142857142857792,1,496.9982053178162,0.0,,,,,0,10,0,6442450944,0.0,18.0,False
8.5,rsu,rsu-2,rsu-2:gpu,rsu_gpu,1,0,0,0,0.0998009188571416,0.011741284571428423,1,496.9982053178162,0.0,,,,,0,10,0,6442450944,0.0,18.0,False
8.54,vehicle,veh-1,veh-1:accelerator,accelerator,1,0,0,0,0.4850141659999989,0.05679322786885234,1,75.54137850377123,,0,1073741824,"{""accelerator"":0,""cpu"":0,""encoder"":0}","{""accelerator"":8,""cpu"":8,""encoder"":8}",,,,,,,
8.54,vehicle,veh-1,veh-1:cpu,cpu,1,0,0,0,0.06642857142857272,0.007778521244563552,1,75.54137850377123,,0,1073741824,"{""accelerator"":0,""cpu"":0,""encoder"":0}","{""accelerator"":8,""cpu"":8,""encoder"":8}",,,,,,,
8.54,vehicle,veh-1,veh-1:encoder,encoder,1,0,0,0,0.04042972571428616,0.00473415991970564,1,75.54137850377123,,0,1073741824,"{""accelerator"":0,""cpu"":0,""encoder"":0}","{""accelerator"":8,""cpu"":8,""encoder"":8}",,,,,,,
8.54,vehicle,veh-2,veh-2:accelerator,accelerator,1,0,0,0,0.49510882071428397,0.05797527174640328,1,60.68057591732831,,0,805306368,"{""accelerator"":0,""cpu"":0,""encoder"":0}","{""accelerator"":6,""cpu"":6,""encoder"":6}",,,,,,,
8.54,vehicle,veh-2,veh-2:cpu,cpu,1,0,0,0,0.04392857142857243,0.005143860823017849,1,60.68057591732831,,0,805306368,"{""accelerator"":0,""cpu"":0,""encoder"":0}","{""accelerator"":6,""cpu"":6,""encoder"":6}",,,,,,,
8.54,vehicle,veh-2,veh-2:encoder,encoder,1,0,0,0,0.04331791999999912,0.0050723559718968535,1,60.68057591732831,,0,805306368,"{""accelerator"":0,""cpu"":0,""encoder"":0}","{""accelerator"":6,""cpu"":6,""encoder"":6}",,,,,,,
8.54,rsu,rsu-1,rsu-1:ingress,rsu_ingress_cpu,1,0,0,0,0.013285714285714567,0.001555704248912713,1,618.7129352561476,0.0,,,,,0,16,0,8589934592,0.0,30.0,False
8.54,rsu,rsu-1,rsu-1:gpu,rsu_gpu,2,0,0,0,0.08548853114285748,0.005005183322181352,1,618.7129352561476,0.0,,,,,0,16,0,8589934592,0.0,30.0,False
8.54,rsu,rsu-2,rsu-2:ingress,rsu_ingress_cpu,1,0,0,0,0.014571428571429124,0.0017062562730010685,1,499.31820531781614,0.0,,,,,0,10,0,6442450944,0.0,18.0,False
8.54,rsu,rsu-2,rsu-2:gpu,rsu_gpu,1,0,0,0,0.0998009188571416,0.011686290264302296,1,499.31820531781614,0.0,,,,,0,10,0,6442450944,0.0,18.0,False
8.64,vehicle,veh-1,veh-1:accelerator,accelerator,1,0,0,0,0.4850141659999989,0.056135898842592465,1,76.34137850377124,,0,1073741824,"{""accelerator"":0,""cpu"":0,""encoder"":0}","{""accelerator"":8,""cpu"":8,""encoder"":8}",,,,,,,
8.64,vehicle,veh-1,veh-1:cpu,cpu,1,0,0,0,0.06642857142857272,0.007688492063492213,1,76.34137850377124,,0,1073741824,"{""accelerator"":0,""cpu"":0,""encoder"":0}","{""accelerator"":8,""cpu"":8,""encoder"":8}",,,,,,,
8.64,vehicle,veh-1,veh-1:encoder,encoder,1,0,0,0,0.04042972571428616,0.004679366402116453,1,76.34137850377124,,0,1073741824,"{""accelerator"":0,""cpu"":0,""encoder"":0}","{""accelerator"":8,""cpu"":8,""encoder"":8}",,,,,,,
8.64,vehicle,veh-2,veh-2:accelerator,accelerator,1,0,0,0,0.49510882071428397,0.05730426165674583,1,61.33057591732832,,0,805306368,"{""accelerator"":0,""cpu"":0,""encoder"":0}","{""accelerator"":6,""cpu"":6,""encoder"":6}",,,,,,,
8.64,vehicle,veh-2,veh-2:cpu,cpu,1,0,0,0,0.04392857142857243,0.005084325396825512,1,61.33057591732832,,0,805306368,"{""accelerator"":0,""cpu"":0,""encoder"":0}","{""accelerator"":6,""cpu"":6,""encoder"":6}",,,,,,,
8.64,vehicle,veh-2,veh-2:encoder,encoder,1,0,0,0,0.04331791999999912,0.005013648148148046,1,61.33057591732832,,0,805306368,"{""accelerator"":0,""cpu"":0,""encoder"":0}","{""accelerator"":6,""cpu"":6,""encoder"":6}",,,,,,,
8.64,rsu,rsu-1,rsu-1:ingress,rsu_ingress_cpu,1,0,0,0,0.013285714285714567,0.0015376984126984452,1,625.9129352561476,0.0,,,,,0,16,0,8589934592,0.0,30.0,False
8.64,rsu,rsu-1,rsu-1:gpu,rsu_gpu,2,0,1,0.22,0.08548853114285748,0.004947252959656104,1,625.9129352561476,0.0,,,,,0,16,0,8589934592,0.0,30.0,False
8.64,rsu,rsu-2,rsu-2:ingress,rsu_ingress_cpu,1,0,0,0,0.014571428571429124,0.0016865079365080003,1,505.1182053178162,0.0,,,,,0,10,0,6442450944,0.0,18.0,False
8.64,rsu,rsu-2,rsu-2:gpu,rsu_gpu,1,0,0,0,0.0998009188571416,0.011551032275132128,1,505.1182053178162,0.0,,,,,0,10,0,6442450944,0.0,18.0,False
8.75,vehicle,veh-1,veh-1:accelerator,accelerator,1,0,0,0,0.4850141659999989,0.05543019039999988,1,77.22137850377123,,0,1073741824,"{""accelerator"":0,""cpu"":0,""encoder"":0}","{""accelerator"":8,""cpu"":8,""encoder"":8}",,,,,,,
8.75,vehicle,veh-1,veh-1:cpu,cpu,1,0,0,0,0.06642857142857272,0.0075918367346940255,1,77.22137850377123,,0,1073741824,"{""accelerator"":0,""cpu"":0,""encoder"":0}","{""accelerator"":8,""cpu"":8,""encoder"":8}",,,,,,,
8.75,vehicle,veh-1,veh-1:encoder,encoder,1,0,0,0,0.04042972571428616,0.0046205400816327034,1,77.22137850377123,,0,1073741824,"{""accelerator"":0,""cpu"":0,""encoder"":0}","{""accelerator"":8,""cpu"":8,""encoder"":8}",,,,,,,
8.75,vehicle,veh-2,veh-2:accelerator,accelerator,1,0,0,0,0.49510882071428397,0.0565838652244896,1,62.045575917328314,,0,805306368,"{""accelerator"":0,""cpu"":0,""encoder"":0}","{""accelerator"":6,""cpu"":6,""encoder"":6}",,,,,,,
8.75,vehicle,veh-2,veh-2:cpu,cpu,1,0,0,0,0.04392857142857243,0.00502040816326542,1,62.045575917328314,,0,805306368,"{""accelerator"":0,""cpu"":0,""encoder"":0}","{""accelerator"":6,""cpu"":6,""encoder"":6}",,,,,,,
8.75,vehicle,veh-2,veh-2:encoder,encoder,1,0,0,0,0.04331791999999912,0.0049506194285713285,1,62.045575917328314,,0,805306368,"{""accelerator"":0,""cpu"":0,""encoder"":0}","{""accelerator"":6,""cpu"":6,""encoder"":6}",,,,,,,
8.75,rsu,rsu-1,rsu-1:ingress,rsu_ingress_cpu,1,0,0,0,0.013285714285714567,0.0015183673469388076,1,642.8329352561476,8.999999999999954,,,,,0,16,0,8589934592,0.0,30.0,False
8.75,rsu,rsu-1,rsu-1:gpu,rsu_gpu,2,0,1,0.11000000000000057,0.19548853114285691,0.011170773208163252,1,642.8329352561476,8.999999999999954,,,,,0,16,0,8589934592,0.0,30.0,False
8.75,rsu,rsu-2,rsu-2:ingress,rsu_ingress_cpu,1,0,0,0,0.014571428571429124,0.0016653061224490427,1,511.4982053178162,0.0,,,,,0,10,0,6442450944,0.0,18.0,False
8.75,rsu,rsu-2,rsu-2:gpu,rsu_gpu,1,0,0,0,0.0998009188571416,0.011405819297959039,1,511.4982053178162,0.0,,,,,0,10,0,6442450944,0.0,18.0,False
8.775007189,vehicle,veh-1,veh-1:accelerator,accelerator,1,0,1,0.023108349,0.4850141659999989,0.05527222434734793,1,77.42143601577123,,67108864,1073741824,"{""accelerator"":1,""cpu"":0,""encoder"":0}","{""accelerator"":8,""cpu"":8,""encoder"":8}",,,,,,,
8.775007189,vehicle,veh-1,veh-1:cpu,cpu,1,0,0,0,0.06642857142857272,0.007570201368250152,1,77.42143601577123,,67108864,1073741824,"{""accelerator"":1,""cpu"":0,""encoder"":0}","{""accelerator"":8,""cpu"":8,""encoder"":8}",,,,,,,
8.775007189,vehicle,veh-1,veh-1:encoder,encoder,1,0,0,0,0.04042972571428616,0.004607372375143721,1,77.42143601577123,,67108864,1073741824,"{""accelerator"":1,""cpu"":0,""encoder"":0}","{""accelerator"":8,""cpu"":8,""encoder"":8}",,,,,,,
8.775007189,vehicle,veh-2,veh-2:accelerator,accelerator,1,0,0,0,0.49510882071428397,0.05642261140651061,1,62.20812264582831,,0,805306368,"{""accelerator"":0,""cpu"":0,""encoder"":0}","{""accelerator"":6,""cpu"":6,""encoder"":6}",,,,,,,
8.775007189,vehicle,veh-2,veh-2:cpu,cpu,1,0,0,0,0.04392857142857243,0.005006100904810601,1,62.20812264582831,,0,805306368,"{""accelerator"":0,""cpu"":0,""encoder"":0}","{""accelerator"":6,""cpu"":6,""encoder"":6}",,,,,,,
8.775007189,vehicle,veh-2,veh-2:encoder,encoder,1,0,0,0,0.04331791999999912,0.004936511055432609,1,62.20812264582831,,0,805306368,"{""accelerator"":0,""cpu"":0,""encoder"":0}","{""accelerator"":6,""cpu"":6,""encoder"":6}",,,,,,,
8.775007189,rsu,rsu-1,rsu-1:ingress,rsu_ingress_cpu,1,0,0,0,0.013285714285714567,0.001514040273650033,1,646.6794956005112,11.046042736363598,,,,,0,16,0,8589934592,0.0,30.0,False
8.775007189,rsu,rsu-1,rsu-1:gpu,rsu_gpu,2,0,1,0.08499281100000047,0.220495720142857,0.012563848404549553,1,646.6794956005112,11.046042736363598,,,,,0,16,0,8589934592,0.0,30.0,False
8.775007189,rsu,rsu-2,rsu-2:ingress,rsu_ingress_cpu,1,0,0,0,0.014571428571429124,0.001660560300132322,1,512.9486222798162,0.0,,,,,0,10,0,6442450944,0.0,18.0,False
8.775007189,rsu,rsu-2,rsu-2:gpu,rsu_gpu,1,0,0,0,0.0998009188571416,0.01137331476859051,1,512.9486222798162,0.0,,,,,0,10,0,6442450944,0.0,18.0,False
8.798115538,vehicle,veh-1,veh-1:accelerator,accelerator,1,0,0,0,0.5081225149999982,0.05775356243110957,1,77.87258256712121,,268435456,1073741824,"{""accelerator"":1,""cpu"":1,""encoder"":1}","{""accelerator"":8,""cpu"":8,""encoder"":8}",,,,,,,
8.798115538,vehicle,veh-1,veh-1:cpu,cpu,1,0,0,0,0.06642857142857272,0.007550318149569716,1,77.87258256712121,,268435456,1073741824,"{""accelerator"":1,""cpu"":1,""encoder"":1}","{""accelerator"":8,""cpu"":8,""encoder"":8}",,,,,,,
8.798115538,vehicle,veh-1,veh-1:encoder,encoder,1,0,0,0,0.04042972571428616,0.004595271059997548,1,77.87258256712121,,268435456,1073741824,"{""accelerator"":1,""cpu"":1,""encoder"":1}","{""accelerator"":8,""cpu"":8,""encoder"":8}",,,,,,,
8.798115538,vehicle,veh-2,veh-2:accelerator,accelerator,1,0,0,0,0.49510882071428397,0.05627441678571464,1,62.35832691432831,,0,805306368,"{""accelerator"":0,""cpu"":0,""encoder"":0}","{""accelerator"":6,""cpu"":6,""encoder"":6}",,,,,,,
8.798115538,vehicle,veh-2,veh-2:cpu,cpu,1,0,0,0,0.04392857142857243,0.004992952324715473,1,62.35832691432831,,0,805306368,"{""accelerator"":0,""cpu"":0,""encoder"":0}","{""accelerator"":6,""cpu"":6,""encoder"":6}",,,,,,,
8.798115538,vehicle,veh-2,veh-2:encoder,encoder,1,0,0,0,0.04331791999999912,0.004923545253856284,1,62.35832691432831,,0,805306368,"{""accelerator"":0,""cpu"":0,""encoder"":0}","{""accelerator"":6,""cpu"":6,""encoder"":6}",,,,,,,
8.798115538,rsu,rsu-1,rsu-1:ingress,rsu_ingress_cpu,1,0,0,0,0.013285714285714567,0.0015100636299139457,1,650.2339798285111,12.936725836363536,,,,,0,16,0,8589934592,0.0,30.0,False
8.798115538,rsu,rsu-1,rsu-1:gpu,rsu_gpu,2,0,1,0.06188446200000122,0.24360406914285626,0.013844104916030274,1,650.2339798285111,12.936725836363536,,,,,0,16,0,8589934592,0.0,30.0,False
8.798115538,rsu,rsu-2,rsu-2:ingress,rsu_ingress_cpu,1,0,0,0,0.014571428571429124,0.0016561988199056455,1,514.2889065218161,0.0,,,,,0,10,0,6442450944,0.0,18.0,False
8.798115538,rsu,rsu-2,rsu-2:gpu,rsu_gpu,1,0,0,0,0.0998009188571416,0.011343442629968973,1,514.2889065218161,0.0,,,,,0,10,0,6442450944,0.0,18.0,False
8.798915538,vehicle,veh-1,veh-1:accelerator,accelerator,1,0,1,0.026019088,0.5081225149999982,0.05774831146015238,1,77.87910256712121,,268435456,1073741824,"{""accelerator"":1,""cpu"":1,""encoder"":1}","{""accelerator"":8,""cpu"":8,""encoder"":8}",,,,,,,
8.798915538,vehicle,veh-1,veh-1:cpu,cpu,1,0,0,0,0.06642857142857272,0.00754963167241312,1,77.87910256712121,,268435456,1073741824,"{""accelerator"":1,""cpu"":1,""encoder"":1}","{""accelerator"":8,""cpu"":8,""encoder"":8}",,,,,,,
8.798915538,vehicle,veh-1,veh-1:encoder,encoder,1,0,0,0,0.04042972571428616,0.004594853256595286,1,77.87910256712121,,268435456,1073741824,"{""accelerator"":1,""cpu"":1,""encoder"":1}","{""accelerator"":8,""cpu"":8,""encoder"":8}",,,,,,,
8.798915538,vehicle,veh-2,veh-2:accelerator,accelerator,1,0,0,0,0.49510882071428397,0.056269300299116476,1,62.36352691432831,,0,805306368,"{""accelerator"":0,""cpu"":0,""encoder"":0}","{""accelerator"":6,""cpu"":6,""encoder"":6}",,,,,,,
8.798915538,vehicle,veh-2,veh-2:cpu,cpu,1,0,0,0,0.04392857142857243,0.004992498364015144,1,62.36352691432831,,0,805306368,"{""accelerator"":0,""cpu"":0,""encoder"":0}","{""accelerator"":6,""cpu"":6,""encoder"":6}",,,,,,,
8.798915538,vehicle,veh-2,veh-2:encoder,encoder,1,0,0,0,0.04331791999999912,0.0049230976036673405,1,62.36352691432831,,0,805306368,"{""accelerator"":0,""cpu"":0,""encoder"":0}","{""accelerator"":6,""cpu"":6,""encoder"":6}",,,,,,,
8.798915538,rsu,rsu-1,rsu-1:ingress,rsu_ingress_cpu,1,0,0,0,0.013285714285714567,0.0015099263344826267,1,650.3570343739656,13.002180381818073,,,,,0,16,0,8589934592,0.0,30.0,False
8.798915538,rsu,rsu-1,rsu-1:gpu,rsu_gpu,2,0,1,0.06108446200000131,0.24440406914285617,0.013888306353626473,1,650.3570343739656,13.002180381818073,,,,,0,16,0,8589934592,0.0,30.0,False
8.798915538,rsu,rsu-2,rsu-2:ingress,rsu_ingress_cpu,1,0,0,0,0.014571428571429124,0.0016560482378196826,1,514.335306521816,0.0,,,,,0,10,0,6442450944,0.0,18.0,False
8.798915538,rsu,rsu-2,rsu-2:gpu,rsu_gpu,1,0,0,0,0.0998009188571416,0.011342411280814093,1,514.335306521816,0.0,,,,,0,10,0,6442450944,0.0,18.0,False
8.824934626,vehicle,veh-1,veh-1:accelerator,accelerator,1,0,0,0,0.5341416029999981,0.06052640904855108,1,78.4073623333212,,268435456,1073741824,"{""accelerator"":1,""cpu"":1,""encoder"":1}","{""accelerator"":8,""cpu"":8,""encoder"":8}",,,,,,,
8.824934626,vehicle,veh-1,veh-1:cpu,cpu,1,0,1,0.0075,0.06642857142857272,0.0075273726371707095,1,78.4073623333212,,268435456,1073741824,"{""accelerator"":1,""cpu"":1,""encoder"":1}","{""accelerator"":8,""cpu"":8,""encoder"":8}",,,,,,,
8.824934626,vehicle,veh-1,veh-1:encoder,encoder,1,0,0,0,0.04042972571428616,0.004581305973097206,1,78.4073623333212,,268435456,1073741824,"{""accelerator"":1,""cpu"":1,""encoder"":1}","{""accelerator"":8,""cpu"":8,""encoder"":8}",,,,,,,
8.824934626,vehicle,veh-2,veh-2:accelerator,accelerator,1,0,0,0,0.49510882071428397,0.05610339812100088,1,62.53265098632831,,0,805306368,"{""accelerator"":0,""cpu"":0,""encoder"":0}","{""accelerator"":6,""cpu"":6,""encoder"":6}",,,,,,,
8.824934626,vehicle,veh-2,veh-2:cpu,cpu,1,0,0,0,0.04392857142857243,0.004977778679419356,1,62.53265098632831,,0,805306368,"{""accelerator"":0,""cpu"":0,""encoder"":0}","{""accelerator"":6,""cpu"":6,""encoder"":6}",,,,,,,
8.824934626,vehicle,veh-2,veh-2:encoder,encoder,1,0,0,0,0.04331791999999912,0.004908582537526791,1,62.53265098632831,,0,805306368,"{""accelerator"":0,""cpu"":0,""encoder"":0}","{""accelerator"":6,""cpu"":6,""encoder"":6}",,,,,,,
8.824934626,rsu,rsu-1,rsu-1:ingress,rsu_ingress_cpu,1,0,0,0,0.013285714285714567,0.0015054745274341445,1,654.3592431826928,15.131014854545343,,,,,0,16,0,8589934592,0.0,30.0,False
8.824934626,rsu,rsu-1,rsu-1:gpu,rsu_gpu,2,0,1,0.03506537400000134,0.27042315714285614,0.015321538833054702,1,654.3592431826928,15.131014854545343,,,,,0,16,0,8589934592,0.0,30.0,False
8.824934626,rsu,rsu-2,rsu-2:ingress,rsu_ingress_cpu,1,0,0,0,0.014571428571429124,0.0016511656107342505,1,515.8444136258161,0.0,,,,,0,10,0,6442450944,0.0,18.0,False
8.824934626,rsu,rsu-2,rsu-2:gpu,rsu_gpu,1,0,0,0,0.0998009188571416,0.011308969764275464,1,515.8444136258161,0.0,,,,,0,10,0,6442450944,0.0,18.0,False
8.832434626,vehicle,veh-1,veh-1:accelerator,accelerator,1,0,1,0.036137623,0.5341416029999981,0.0604750134722365,1,78.51348733332121,,268435456,1073741824,"{""accelerator"":1,""cpu"":1,""encoder"":1}","{""accelerator"":8,""cpu"":8,""encoder"":8}",,,,,,,
8.832434626,vehicle,veh-1,veh-1:cpu,cpu,1,0,0,0,0.07392857142857301,0.00837012381738437,1,78.51348733332121,,268435456,1073741824,"{""accelerator"":1,""cpu"":1,""encoder"":1}","{""accelerator"":8,""cpu"":8,""encoder"":8}",,,,,,,
8.832434626,vehicle,veh-1,veh-1:encoder,encoder,1,0,0,0,0.04042972571428616,0.0045774157892177715,1,78.51348733332121,,268435456,1073741824,"{""accelerator"":1,""cpu"":1,""encoder"":1}","{""accelerator"":8,""cpu"":8,""encoder"":8}",,,,,,,
8.832434626,vehicle,veh-2,veh-2:accelerator,accelerator,1,0,0,0,0.49510882071428397,0.05605575831343651,1,62.58140098632832,,0,805306368,"{""accelerator"":0,""cpu"":0,""encoder"":0}","{""accelerator"":6,""cpu"":6,""encoder"":6}",,,,,,,
8.832434626,vehicle,veh-2,veh-2:cpu,cpu,1,0,0,0,0.04392857142857243,0.004973551833518256,1,62.58140098632832,,0,805306368,"{""accelerator"":0,""cpu"":0,""encoder"":0}","{""accelerator"":6,""cpu"":6,""encoder"":6}",,,,,,,
8.832434626,vehicle,veh-2,veh-2:encoder,encoder,1,0,0,0,0.04331791999999912,0.004904414449044926,1,62.58140098632832,,0,805306368,"{""accelerator"":0,""cpu"":0,""encoder"":0}","{""accelerator"":6,""cpu"":6,""encoder"":6}",,,,,,,
8.832434626,rsu,rsu-1,rsu-1:ingress,rsu_ingress_cpu,1,0,0,0,0.013285714285714567,0.0015041961642835676,1,655.5128795463291,15.74465121818173,,,,,0,16,0,8589934592,0.0,30.0,False
8.832434626,rsu,rsu-1,rsu-1:gpu,rsu_gpu,2,0,1,0.02756537400000106,0.2779231571428564,0.015733100153650457,1,655.5128795463291,15.74465121818173,,,,,0,16,0,8589934592,0.0,30.0,False
8.832434626,rsu,rsu-2,rsu-2:ingress,rsu_ingress_cpu,1,0,0,0,0.014571428571429124,0.0016497635350207146,1,516.2794136258161,0.0,,,,,0,10,0,6442450944,0.0,18.0,False
8.832434626,rsu,rsu-2,rsu-2:gpu,rsu_gpu,1,0,0,0,0.0998009188571416,0.011299366831808533,1,516.2794136258161,0.0,,,,,0,10,0,6442450944,0.0,18.0,False
8.860000000000001,vehicle,veh-1,veh-1:accelerator,accelerator,1,0,1,0.008572248999998304,0.5617069769999998,0.06339807866817153,1,79.08271230375148,,268435456,1073741824,"{""accelerator"":1,""cpu"":1,""encoder"":1}","{""accelerator"":8,""cpu"":8,""encoder"":8}",,,,,,,
8.860000000000001,vehicle,veh-1,veh-1:cpu,cpu,1,0,0,0,0.07392857142857301,0.008344082554015012,1,79.08271230375148,,268435456,1073741824,"{""accelerator"":1,""cpu"":1,""encoder"":1}","{""accelerator"":8,""cpu"":8,""encoder"":8}",,,,,,,
8.860000000000001,vehicle,veh-1,veh-1:encoder,encoder,1,0,0,0,0.04042972571428616,0.00456317445985171,1,79.08271230375148,,268435456,1073741824,"{""accelerator"":1,""cpu"":1,""encoder"":1}","{""accelerator"":8,""cpu"":8,""encoder"":8}",,,,,,,
8.860000000000001,vehicle,veh-2,veh-2:accelerator,accelerator,1,0,0,0,0.49510882071428397,0.05588135673976116,1,62.76057591732833,,0,805306368,"{""accelerator"":0,""cpu"":0,""encoder"":0}","{""accelerator"":6,""cpu"":6,""encoder"":6}",,,,,,,
8.860000000000001,vehicle,veh-2,veh-2:cpu,cpu,1,0,0,0,0.04392857142857243,0.00495807803934226,1,62.76057591732833,,0,805306368,"{""accelerator"":0,""cpu"":0,""encoder"":0}","{""accelerator"":6,""cpu"":6,""encoder"":6}",,,,,,,
8.860000000000001,vehicle,veh-2,veh-2:encoder,encoder,1,0,0,0,0.04331791999999912,0.004889155756207575,1,62.76057591732833,,0,805306368,"{""accelerator"":0,""cpu"":0,""encoder"":0}","{""accelerator"":6,""cpu"":6,""encoder"":6}",,,,,,,
8.860000000000001,rsu,rsu-1,rsu-1:ingress,rsu_ingress_cpu,1,0,0,0,0.013285714285714567,0.001499516285069364,1,659.7529352561476,18.0,,,,,0,16,0,8589934592,0.0,30.0,False
8.860000000000001,rsu,rsu-1,rsu-1:gpu,rsu_gpu,2,0,0,0,0.3054885311428581,0.017239759093840748,1,659.7529352561476,18.0,,,,,0,16,0,8589934592,0.0,30.0,False
8.860000000000001,rsu,rsu-2,rsu-2:ingress,rsu_ingress_cpu,1,0,0,0,0.014571428571429124,0.0016446307642696526,1,517.8782053178162,0.0,,,,,0,10,0,6442450944,0.0,18.0,False
8.860000000000001,rsu,rsu-2,rsu-2:gpu,rsu_gpu,1,0,0,0,0.0998009188571416,0.01126421206062546,1,517.8782053178162,0.0,,,,,0,10,0,6442450944,0.0,18.0,False
8.868572249,vehicle,veh-1,veh-1:accelerator,accelerator,1,0,0,0,0.5702792259999983,0.06430338615827386,1,79.25972924477121,,268435456,1073741824,"{""accelerator"":1,""cpu"":1,""encoder"":1}","{""accelerator"":8,""cpu"":8,""encoder"":8}",,,,,,,
8.868572249,vehicle,veh-1,veh-1:cpu,cpu,1,0,1,0.0075,0.07392857142857301,0.008336017270075127,1,79.25972924477121,,268435456,1073741824,"{""accelerator"":1,""cpu"":1,""encoder"":1}","{""accelerator"":8,""cpu"":8,""encoder"":8}",,,,,,,
8.868572249,vehicle,veh-1,veh-1:encoder,encoder,1,0,0,0,0.04042972571428616,0.0045587637535280745,1,79.25972924477121,,268435456,1073741824,"{""accelerator"":1,""cpu"":1,""encoder"":1}","{""accelerator"":8,""cpu"":8,""encoder"":8}",,,,,,,
8.868572249,vehicle,veh-2,veh-2:accelerator,accelerator,1,0,0,0,0.49510882071428397,0.05582734253195167,1,62.816295535828324,,0,805306368,"{""accelerator"":0,""cpu"":0,""encoder"":0}","{""accelerator"":6,""cpu"":6,""encoder"":6}",,,,,,,
8.868572249,vehicle,veh-2,veh-2:cpu,cpu,1,0,0,0,0.04392857142857243,0.004953285624247546,1,62.816295535828324,,0,805306368,"{""accelerator"":0,""cpu"":0,""encoder"":0}","{""accelerator"":6,""cpu"":6,""encoder"":6}",,,,,,,
8.868572249,vehicle,veh-2,veh-2:encoder,encoder,1,0,0,0,0.04331791999999912,0.004884429960514056,1,62.816295535828324,,0,805306368,"{""accelerator"":0,""cpu"":0,""encoder"":0}","{""accelerator"":6,""cpu"":6,""encoder"":6}",,,,,,,
8.868572249,rsu,rsu-1,rsu-1:ingress,rsu_ingress_cpu,1,0,0,0,0.013285714285714567,0.0014980668717236457,1,660.3701371841474,18.0,,,,,0,16,0,8589934592,0.0,30.0,False
8.868572249,rsu,rsu-1,rsu-1:gpu,rsu_gpu,2,0,0,0,0.3054885311428581,0.01722309536223851,1,660.3701371841474,18.0,,,,,0,16,0,8589934592,0.0,30.0,False
8.868572249,rsu,rsu-2,rsu-2:ingress,rsu_ingress_cpu,1,0,0,0,0.014571428571429124,0.001643041085116284,1,518.3753957598161,0.0,,,,,0,10,0,6442450944,0.0,18.0,False
8.868572249,rsu,rsu-2,rsu-2:gpu,rsu_gpu,1,0,0,0,0.0998009188571416,0.011253324216690563,1,518.3753957598161,0.0,,,,,0,10,0,6442450944,0.0,18.0,False
8.876072249,vehicle,veh-1,veh-1:accelerator,accelerator,1,0,0,0,0.5702792259999983,0.06424905183306133,1,79.36585424477121,,268435456,1073741824,"{""accelerator"":1,""cpu"":1,""encoder"":1}","{""accelerator"":8,""cpu"":8,""encoder"":8}",,,,,,,
8.876072249,vehicle,veh-1,veh-1:cpu,cpu,1,0,0,0,0.0814285714285733,0.009173941935606398,1,79.36585424477121,,268435456,1073741824,"{""accelerator"":1,""cpu"":1,""encoder"":1}","{""accelerator"":8,""cpu"":8,""encoder"":8}",,,,,,,
8.876072249,vehicle,veh-1,veh-1:encoder,encoder,1,0,1,0.00745912,0.04042972571428616,0.004554911742504245,1,79.36585424477121,,268435456,1073741824,"{""accelerator"":1,""cpu"":1,""encoder"":1}","{""accelerator"":8,""cpu"":8,""encoder"":8}",,,,,,,
8.876072249,vehicle,veh-2,veh-2:accelerator,accelerator,1,0,0,0,0.49510882071428397,0.055780170195219414,1,62.86504553582833,,0,805306368,"{""accelerator"":0,""cpu"":0,""encoder"":0}","{""accelerator"":6,""cpu"":6,""encoder"":6}",,,,,,,
8.876072249,vehicle,veh-2,veh-2:cpu,cpu,1,0,0,0,0.04392857142857243,0.00494910025473503,1,62.86504553582833,,0,805306368,"{""accelerator"":0,""cpu"":0,""encoder"":0}","{""accelerator"":6,""cpu"":6,""encoder"":6}",,,,,,,
8.876072249,vehicle,veh-2,veh-2:encoder,encoder,1,0,0,0,0.04331791999999912,0.004880302771857161,1,62.86504553582833,,0,805306368,"{""accelerator"":0,""cpu"":0,""encoder"":0}","{""accelerator"":6,""cpu"":6,""encoder"":6}",,,,,,,
8.876072249,rsu,rsu-1,rsu-1:ingress,rsu_ingress_cpu,1,0,0,0,0.013285714285714567,0.0014968010526515676,1,660.9101371841475,18.0,,,,,0,16,0,8589934592,0.0,30.0,False
8.876072249,rsu,rsu-1,rsu-1:gpu,rsu_gpu,2,0,0,0,0.3054885311428581,0.01720854239200651,1,660.9101371841475,18.0,,,,,0,16,0,8589934592,0.0,30.0,False
8.876072249,rsu,rsu-2,rsu-2:ingress,rsu_ingress_cpu,1,0,0,0,0.014571428571429124,0.0016416527674243274,1,518.8103957598162,0.0,,,,,0,10,0,6442450944,0.0,18.0,False
8.876072249,rsu,rsu-2,rsu-2:gpu,rsu_gpu,1,0,0,0,0.0998009188571416,0.011243815514050758,1,518.8103957598162,0.0,,,,,0,10,0,6442450944,0.0,18.0,False
8.883531369,vehicle,veh-1,veh-1:accelerator,accelerator,1,0,0,0,0.5702792259999983,0.06419510466187428,1,79.47294167277123,,268435456,1073741824,"{""accelerator"":1,""cpu"":0,""encoder"":0}","{""accelerator"":8,""cpu"":8,""encoder"":8}",,,,,,,
8.883531369,vehicle,veh-1,veh-1:cpu,cpu,1,0,0,0,0.0814285714285733,0.009166238970318347,1,79.47294167277123,,268435456,1073741824,"{""accelerator"":1,""cpu"":0,""encoder"":0}","{""accelerator"":8,""cpu"":8,""encoder"":8}",,,,,,,
8.883531369,vehicle,veh-1,veh-1:encoder,encoder,1,0,0,0,0.0478888457142862,0.005390744257559474,1,79.47294167277123,,268435456,1073741824,"{""accelerator"":1,""cpu"":0,""encoder"":0}","{""accelerator"":8,""cpu"":8,""encoder"":8}",,,,,,,
8.883531369,vehicle,veh-2,veh-2:accelerator,accelerator,1,0,0,0,0.49510882071428397,0.055733333980450314,1,62.913529815828326,,0,805306368,"{""accelerator"":0,""cpu"":0,""encoder"":0}","{""accelerator"":6,""cpu"":6,""encoder"":6}",,,,,,,
8.883531369,vehicle,veh-2,veh-2:cpu,cpu,1,0,0,0,0.04392857142857243,0.004944944707671739,1,62.913529815828326,,0,805306368,"{""accelerator"":0,""cpu"":0,""encoder"":0}","{""accelerator"":6,""cpu"":6,""encoder"":6}",,,,,,,
8.883531369,vehicle,veh-2,veh-2:encoder,encoder,1,0,0,0,0.04331791999999912,0.004876204991087382,1,62.913529815828326,,0,805306368,"{""accelerator"":0,""cpu"":0,""encoder"":0}","{""accelerator"":6,""cpu"":6,""encoder"":6}",,,,,,,
8.883531369,rsu,rsu-1,rsu-1:ingress,rsu_ingress_cpu,1,0,0,0,0.013285714285714567,0.0014955442530519383,1,661.4471938241475,18.0,,,,,0,16,0,8589934592,0.0,30.0,False
8.883531369,rsu,rsu-1,rsu-1:gpu,rsu_gpu,2,0,0,0,0.3054885311428581,0.017194093117568757,1,661.4471938241475,18.0,,,,,0,16,0,8589934592,0.0,30.0,False
8.883531369,rsu,rsu-2,rsu-2:ingress,rsu_ingress_cpu,1,0,0,0,0.014571428571429124,0.0016402743420569918,1,519.2430247198162,0.0,,,,,0,10,0,6442450944,0.0,18.0,False
8.883531369,rsu,rsu-2,rsu-2:gpu,rsu_gpu,1,0,0,0,0.0998009188571416,0.011234374564760046,1,519.2430247198162,0.0,,,,,0,10,0,6442450944,0.0,18.0,False
8.884331369,vehicle,veh-1,veh-1:accelerator,accelerator,1,0,1,0.0374,0.5702792259999983,0.06418932413865913,1,79.47946167277122,,268435456,1073741824,"{""accelerator"":1,""cpu"":0,""encoder"":0}","{""accelerator"":8,""cpu"":8,""encoder"":8}",,,,,,,
8.884331369,vehicle,veh-1,veh-1:cpu,cpu,1,0,0,0,0.0814285714285733,0.00916541358561896,1,79.47946167277122,,268435456,1073741824,"{""accelerator"":1,""cpu"":0,""encoder"":0}","{""accelerator"":8,""cpu"":8,""encoder"":8}",,,,,,,
8.884331369,vehicle,veh-1,veh-1:encoder,encoder,1,0,0,0,0.0478888457142862,0.005390258841693391,1,79.47946167277122,,268435456,1073741824,"{""accelerator"":1,""cpu"":0,""encoder"":0}","{""accelerator"":8,""cpu"":8,""encoder"":8}",,,,,,,
8.884331369,vehicle,veh-2,veh-2:accelerator,accelerator,1,0,0,0,0.49510882071428397,0.05572831540726427,1,62.91872981582833,,0,805306368,"{""accelerator"":0,""cpu"":0,""encoder"":0}","{""accelerator"":6,""cpu"":6,""encoder"":6}",,,,,,,
8.884331369,vehicle,veh-2,veh-2:cpu,cpu,1,0,0,0,0.04392857142857243,0.004944499434347069,1,62.91872981582833,,0,805306368,"{""accelerator"":0,""cpu"":0,""encoder"":0}","{""accelerator"":6,""cpu"":6,""encoder"":6}",,,,,,,
8.884331369,vehicle,veh-2,veh-2:encoder,encoder,1,0,0,0,0.04331791999999912,0.004875765907510819,1,62.91872981582833,,0,805306368,"{""accelerator"":0,""cpu"":0,""encoder"":0}","{""accelerator"":6,""cpu"":6,""encoder"":6}",,,,,,,
8.884331369,rsu,rsu-1,rsu-1:ingress,rsu_ingress_cpu,1,0,0,0,0.013285714285714567,0.0014954095850220383,1,661.5047938241474,18.0,,,,,0,16,0,8589934592,0.0,30.0,False
8.884331369,rsu,rsu-1,rsu-1:gpu,rsu_gpu,2,0,0,0,0.3054885311428581,0.01719254485536165,1,661.5047938241474,18.0,,,,,0,16,0,8589934592,0.0,30.0,False
8.884331369,rsu,rsu-2,rsu-2:ingress,rsu_ingress_cpu,1,0,0,0,0.014571428571429124,0.0016401266416371017,1,519.2894247198161,0.0,,,,,0,10,0,6442450944,0.0,18.0,False
8.884331369,rsu,rsu-2,rsu-2:gpu,rsu_gpu,1,0,0,0,0.0998009188571416,0.011233362952374317,1,519.2894247198161,0.0,,,,,0,10,0,6442450944,0.0,18.0,False
8.921731369,vehicle,veh-1,veh-1:accelerator,accelerator,1,0,0,0,0.6076792259999981,0.06811225320137726,1,80.22559167277123,,0,1073741824,"{""accelerator"":0,""cpu"":0,""encoder"":0}","{""accelerator"":8,""cpu"":8,""encoder"":8}",,,,,,,
8.921731369,vehicle,veh-1,veh-1:cpu,cpu,1,0,0,0,0.0814285714285733,0.00912699206697817,1,80.22559167277123,,0,1073741824,"{""accelerator"":0,""cpu"":0,""encoder"":0}","{""accelerator"":8,""cpu"":8,""encoder"":8}",,,,,,,
8.921731369,vehicle,veh-1,veh-1:encoder,encoder,1,0,0,0,0.0478888457142862,0.005367662814942372,1,80.22559167277123,,0,1073741824,"{""accelerator"":0,""cpu"":0,""encoder"":0}","{""accelerator"":8,""cpu"":8,""encoder"":8}",,,,,,,
8.921731369,vehicle,veh-2,veh-2:accelerator,accelerator,1,0,0,0,0.49510882071428397,0.055494701671316815,1,63.16182981582833,,0,805306368,"{""accelerator"":0,""cpu"":0,""encoder"":0}","{""accelerator"":6,""cpu"":6,""encoder"":6}",,,,,,,
8.921731369,vehicle,veh-2,veh-2:cpu,cpu,1,0,0,0,0.04392857142857243,0.004923772036132959,1,63.16182981582833,,0,805306368,"{""accelerator"":0,""cpu"":0,""encoder"":0}","{""accelerator"":6,""cpu"":6,""encoder"":6}",,,,,,,
8.921731369,vehicle,veh-2,veh-2:encoder,encoder,1,0,0,0,0.04331791999999912,0.0048553266410277995,1,63.16182981582833,,0,805306368,"{""accelerator"":0,""cpu"":0,""encoder"":0}","{""accelerator"":6,""cpu"":6,""encoder"":6}",,,,,,,
8.921731369,rsu,rsu-1,rsu-1:ingress,rsu_ingress_cpu,1,0,0,0,0.013285714285714567,0.0014891408109280148,1,664.1975938241475,18.0,,,,,0,16,0,8589934592,0.0,30.0,False
8.921731369,rsu,rsu-1,rsu-1:gpu,rsu_gpu,2,0,0,0,0.3054885311428581,0.017120473510574837,1,664.1975938241475,18.0,,,,,0,16,0,8589934592,0.0,30.0,False
8.921731369,rsu,rsu-2,rsu-2:ingress,rsu_ingress_cpu,1,0,0,0,0.014571428571429124,0.001633251211985592,1,521.4586247198162,0.0,,,,,0,10,0,6442450944,0.0,18.0,False
8.921731369,rsu,rsu-2,rsu-2:gpu,rsu_gpu,1,0,0,0,0.0998009188571416,0.011186272566322278,1,521.4586247198162,0.0,,,,,0,10,0,6442450944,0.0,18.0,False
9.0,vehicle,veh-1,veh-1:accelerator,accelerator,1,0,0,0,0.6076792259999981,0.06751991399999979,1,80.85174072077123,,0,1073741824,"{""accelerator"":0,""cpu"":0,""encoder"":0}","{""accelerator"":8,""cpu"":8,""encoder"":8}",,,,,,,
9.0,vehicle,veh-1,veh-1:cpu,cpu,1,0,0,0,0.0814285714285733,0.009047619047619256,1,80.85174072077123,,0,1073741824,"{""accelerator"":0,""cpu"":0,""encoder"":0}","{""accelerator"":8,""cpu"":8,""encoder"":8}",,,,,,,
9.0,vehicle,veh-1,veh-1:encoder,encoder,1,0,0,0,0.0478888457142862,0.005320982857142911,1,80.85174072077123,,0,1073741824,"{""accelerator"":0,""cpu"":0,""encoder"":0}","{""accelerator"":8,""cpu"":8,""encoder"":8}",,,,,,,
9.0,vehicle,veh-2,veh-2:accelerator,accelerator,1,0,0,0,0.49510882071428397,0.055012091190475995,1,63.67057591732833,,0,805306368,"{""accelerator"":0,""cpu"":0,""encoder"":0}","{""accelerator"":6,""cpu"":6,""encoder"":6}",,,,,,,
9.0,vehicle,veh-2,veh-2:cpu,cpu,1,0,0,0,0.04392857142857243,0.004880952380952492,1,63.67057591732833,,0,805306368,"{""accelerator"":0,""cpu"":0,""encoder"":0}","{""accelerator"":6,""cpu"":6,""encoder"":6}",,,,,,,
9.0,vehicle,veh-2,veh-2:encoder,encoder,1,0,0,0,0.04331791999999912,0.004813102222222125,1,63.67057591732833,,0,805306368,"{""accelerator"":0,""cpu"":0,""encoder"":0}","{""accelerator"":6,""cpu"":6,""encoder"":6}",,,,,,,
9.0,rsu,rsu-1,rsu-1:ingress,rsu_ingress_cpu,1,0,0,0,0.013285714285714567,0.0014761904761905074,1,669.8329352561475,18.0,,,,,0,16,0,8589934592,0.0,30.0,False
9.0,rsu,rsu-1,rsu-1:gpu,rsu_gpu,2,0,0,0,0.3054885311428581,0.01697158506349212,1,669.8329352561475,18.0,,,,,0,16,0,8589934592,0.0,30.0,False
9.0,rsu,rsu-2,rsu-2:ingress,rsu_ingress_cpu,1,0,0,0,0.014571428571429124,0.0016190476190476805,1,525.9982053178162,0.0,,,,,0,10,0,6442450944,0.0,18.0,False
9.0,rsu,rsu-2,rsu-2:gpu,rsu_gpu,1,0,0,0,0.0998009188571416,0.011088990984126844,1,525.9982053178162,0.0,,,,,0,10,0,6442450944,0.0,18.0,False
9.04,vehicle,veh-1,veh-1:accelerator,accelerator,1,0,0,0,0.6076792259999981,0.06722115331858387,1,81.17174072077123,,0,1073741824,"{""accelerator"":0,""cpu"":0,""encoder"":0}","{""accelerator"":8,""cpu"":8,""encoder"":8}",,,,,,,
9.04,vehicle,veh-1,veh-1:cpu,cpu,1,0,0,0,0.0814285714285733,0.00900758533501917,1,81.17174072077123,,0,1073741824,"{""accelerator"":0,""cpu"":0,""encoder"":0}","{""accelerator"":8,""cpu"":8,""encoder"":8}",,,,,,,
9.04,vehicle,veh-1,veh-1:encoder,encoder,1,0,0,0,0.0478888457142862,0.005297438685208651,1,81.17174072077123,,0,1073741824,"{""accelerator"":0,""cpu"":0,""encoder"":0}","{""accelerator"":8,""cpu"":8,""encoder"":8}",,,,,,,
9.04,vehicle,veh-2,veh-2:accelerator,accelerator,1,0,0,0,0.49510882071428397,0.05476867485777478,1,63.930575917328326,,0,805306368,"{""accelerator"":0,""cpu"":0,""encoder"":0}","{""accelerator"":6,""cpu"":6,""encoder"":6}",,,,,,,
9.04,vehicle,veh-2,veh-2:cpu,cpu,1,0,0,0,0.04392857142857243,0.004859355246523499,1,63.930575917328326,,0,805306368,"{""accelerator"":0,""cpu"":0,""encoder"":0}","{""accelerator"":6,""cpu"":6,""encoder"":6}",,,,,,,
9.04,vehicle,veh-2,veh-2:encoder,encoder,1,0,0,0,0.04331791999999912,0.004791805309734417,1,63.930575917328326,,0,805306368,"{""accelerator"":0,""cpu"":0,""encoder"":0}","{""accelerator"":6,""cpu"":6,""encoder"":6}",,,,,,,
9.04,rsu,rsu-1,rsu-1:ingress,rsu_ingress_cpu,1,0,0,0,0.013285714285714567,0.001469658659924178,1,672.7129352561474,18.0,,,,,0,16,0,8589934592,0.0,30.0,False
9.04,rsu,rsu-1,rsu-1:gpu,rsu_gpu,2,0,0,0,0.3054885311428581,0.016896489554361623,1,672.7129352561474,18.0,,,,,0,16,0,8589934592,0.0,30.0,False
9.04,rsu,rsu-2,rsu-2:ingress,rsu_ingress_cpu,1,0,0,0,0.014571428571429124,0.0016118836915297704,1,528.3182053178161,0.0,,,,,0,10,0,6442450944,0.0,18.0,False
9.04,rsu,rsu-2,rsu-2:gpu,rsu_gpu,1,0,0,0,0.0998009188571416,0.011039924652338674,1,528.3182053178161,0.0,,,,,0,10,0,6442450944,0.0,18.0,False
9.25,vehicle,veh-1,veh-1:accelerator,accelerator,1,0,0,0,0.6076792259999981,0.06569505145945925,1,82.85174072077123,,0,1073741824,"{""accelerator"":0,""cpu"":0,""encoder"":0}","{""accelerator"":8,""cpu"":8,""encoder"":8}",,,,,,,
9.25,vehicle,veh-1,veh-1:cpu,cpu,1,0,0,0,0.0814285714285733,0.008803088803089004,1,82.85174072077123,,0,1073741824,"{""accelerator"":0,""cpu"":0,""encoder"":0}","{""accelerator"":8,""cpu"":8,""encoder"":8}",,,,,,,
9.25,vehicle,veh-1,veh-1:encoder,encoder,1,0,0,0,0.0478888457142862,0.005177172509652562,1,82.85174072077123,,0,1073741824,"{""accelerator"":0,""cpu"":0,""encoder"":0}","{""accelerator"":8,""cpu"":8,""encoder"":8}",,,,,,,
9.25,vehicle,veh-2,veh-2:accelerator,accelerator,1,0,0,0,0.49510882071428397,0.05352527791505773,1,65.29557591732834,,0,805306368,"{""accelerator"":0,""cpu"":0,""encoder"":0}","{""accelerator"":6,""cpu"":6,""encoder"":6}",,,,,,,
9.25,vehicle,veh-2,veh-2:cpu,cpu,1,0,0,0,0.04392857142857243,0.004749034749034857,1,65.29557591732834,,0,805306368,"{""accelerator"":0,""cpu"":0,""encoder"":0}","{""accelerator"":6,""cpu"":6,""encoder"":6}",,,,,,,
9.25,vehicle,veh-2,veh-2:encoder,encoder,1,0,0,0,0.04331791999999912,0.004683018378378283,1,65.29557591732834,,0,805306368,"{""accelerator"":0,""cpu"":0,""encoder"":0}","{""accelerator"":6,""cpu"":6,""encoder"":6}",,,,,,,
9.25,rsu,rsu-1,rsu-1:ingress,rsu_ingress_cpu,1,0,0,0,0.013285714285714567,0.0014362934362934668,1,687.8329352561475,18.0,,,,,0,16,0,8589934592,0.0,30.0,False
9.25,rsu,rsu-1,rsu-1:gpu,rsu_gpu,2,0,0,0,0.3054885311428581,0.01651289357528963,1,687.8329352561475,18.0,,,,,0,16,0,8589934592,0.0,30.0,False
9.25,rsu,rsu-2,rsu-2:ingress,rsu_ingress_cpu,1,0,0,0,0.014571428571429124,0.001575289575289635,1,540.4982053178162,0.0,,,,,0,10,0,6442450944,0.0,18.0,False
9.25,rsu,rsu-2,rsu-2:gpu,rsu_gpu,1,0,0,0,0.0998009188571416,0.01078928852509639,1,540.4982053178162,0.0,,,,,0,10,0,6442450944,0.0,18.0,False
9.29,vehicle,veh-1,veh-1:accelerator,accelerator,1,0,0,0,0.6076792259999981,0.06541218794402563,1,83.17174072077123,,0,1073741824,"{""accelerator"":0,""cpu"":0,""encoder"":0}","{""accelerator"":8,""cpu"":8,""encoder"":8}",,,,,,,
9.29,vehicle,veh-1,veh-1:cpu,cpu,1,0,0,0,0.0814285714285733,0.008765185299092927,1,83.17174072077123,,0,1073741824,"{""accelerator"":0,""cpu"":0,""encoder"":0}","{""accelerator"":8,""cpu"":8,""encoder"":8}",,,,,,,
9.29,vehicle,veh-1,veh-1:encoder,encoder,1,0,0,0,0.0478888457142862,0.005154881131785382,1,83.17174072077123,,0,1073741824,"{""accelerator"":0,""cpu"":0,""encoder"":0}","{""accelerator"":8,""cpu"":8,""encoder"":8}",,,,,,,
9.29,vehicle,veh-2,veh-2:accelerator,accelerator,1,0,0,0,0.49510882071428397,0.0532948138551436,1,65.55557591732833,,0,805306368,"{""accelerator"":0,""cpu"":0,""encoder"":0}","{""accelerator"":6,""cpu"":6,""encoder"":6}",,,,,,,
9.29,vehicle,veh-2,veh-2:cpu,cpu,1,0,0,0,0.04392857142857243,0.004728586806089605,1,65.55557591732833,,0,805306368,"{""accelerator"":0,""cpu"":0,""encoder"":0}","{""accelerator"":6,""cpu"":6,""encoder"":6}",,,,,,,
9.29,vehicle,veh-2,veh-2:encoder,encoder,1,0,0,0,0.04331791999999912,0.0046628546824541576,1,65.55557591732833,,0,805306368,"{""accelerator"":0,""cpu"":0,""encoder"":0}","{""accelerator"":6,""cpu"":6,""encoder"":6}",,,,,,,
9.29,rsu,rsu-1,rsu-1:ingress,rsu_ingress_cpu,1,0,0,0,0.013285714285714567,0.0014301091803783175,1,690.7129352561474,18.0,,,,,0,16,0,8589934592,0.0,30.0,False
9.29,rsu,rsu-1,rsu-1:gpu,rsu_gpu,2,0,0,0,0.3054885311428581,0.016441793925880417,1,690.7129352561474,18.0,,,,,0,16,0,8589934592,0.0,30.0,False
9.29,rsu,rsu-2,rsu-2:ingress,rsu_ingress_cpu,1,0,0,0,0.014571428571429124,0.0015685068429956,1,542.8182053178161,0.0,,,,,0,10,0,6442450944,0.0,18.0,False
9.29,rsu,rsu-2,rsu-2:gpu,rsu_gpu,1,0,0,0,0.0998009188571416,0.010742833030908677,1,542.8182053178161,0.0,,,,,0,10,0,6442450944,0.0,18.0,False
9.5,vehicle,veh-1,veh-1:accelerator,accelerator,1,0,0,0,0.6076792259999981,0.06396623431578928,1,84.85174072077123,,0,1073741824,"{""accelerator"":0,""cpu"":0,""encoder"":0}","{""accelerator"":8,""cpu"":8,""encoder"":8}",,,,,,,
9.5,vehicle,veh-1,veh-1:cpu,cpu,1,0,0,0,0.0814285714285733,0.008571428571428768,1,84.85174072077123,,0,1073741824,"{""accelerator"":0,""cpu"":0,""encoder"":0}","{""accelerator"":8,""cpu"":8,""encoder"":8}",,,,,,,
9.5,vehicle,veh-1,veh-1:encoder,encoder,1,0,0,0,0.0478888457142862,0.0050409311278196,1,84.85174072077123,,0,1073741824,"{""accelerator"":0,""cpu"":0,""encoder"":0}","{""accelerator"":8,""cpu"":8,""encoder"":8}",,,,,,,
9.5,vehicle,veh-2,veh-2:accelerator,accelerator,1,0,0,0,0.49510882071428397,0.05211671796992463,1,66.92057591732834,,0,805306368,"{""accelerator"":0,""cpu"":0,""encoder"":0}","{""accelerator"":6,""cpu"":6,""encoder"":6}",,,,,,,
9.5,vehicle,veh-2,veh-2:cpu,cpu,1,0,0,0,0.04392857142857243,0.004624060150376045,1,66.92057591732834,,0,805306368,"{""accelerator"":0,""cpu"":0,""encoder"":0}","{""accelerator"":6,""cpu"":6,""encoder"":6}",,,,,,,
9.5,vehicle,veh-2,veh-2:encoder,encoder,1,0,0,0,0.04331791999999912,0.004559781052631487,1,66.92057591732834,,0,805306368,"{""accelerator"":0,""cpu"":0,""encoder"":0}","{""accelerator"":6,""cpu"":6,""encoder"":6}",,,,,,,
9.5,rsu,rsu-1,rsu-1:ingress,rsu_ingress_cpu,1,0,0,0,0.013285714285714567,0.0013984962406015334,1,705.8329352561475,18.0,,,,,0,16,0,8589934592,0.0,30.0,False
9.5,rsu,rsu-1,rsu-1:gpu,rsu_gpu,2,0,0,0,0.3054885311428581,0.016078343744360953,1,705.8329352561475,18.0,,,,,0,16,0,8589934592,0.0,30.0,False
9.5,rsu,rsu-2,rsu-2:ingress,rsu_ingress_cpu,1,0,0,0,0.014571428571429124,0.0015338345864662234,1,554.9982053178162,0.0,,,,,0,10,0,6442450944,0.0,18.0,False
9.5,rsu,rsu-2,rsu-2:gpu,rsu_gpu,1,0,0,0,0.0998009188571416,0.010505359879699116,1,554.9982053178162,0.0,,,,,0,10,0,6442450944,0.0,18.0,False
9.54,vehicle,veh-1,veh-1:accelerator,accelerator,1,0,0,0,0.6076792259999981,0.0636980320754715,1,85.17174072077123,,0,1073741824,"{""accelerator"":0,""cpu"":0,""encoder"":0}","{""accelerator"":8,""cpu"":8,""encoder"":8}",,,,,,,
9.54,vehicle,veh-1,veh-1:cpu,cpu,1,0,0,0,0.0814285714285733,0.008535489667565335,1,85.17174072077123,,0,1073741824,"{""accelerator"":0,""cpu"":0,""encoder"":0}","{""accelerator"":8,""cpu"":8,""encoder"":8}",,,,,,,
9.54,vehicle,veh-1,veh-1:encoder,encoder,1,0,0,0,0.0478888457142862,0.00501979514824803,1,85.17174072077123,,0,1073741824,"{""accelerator"":0,""cpu"":0,""encoder"":0}","{""accelerator"":8,""cpu"":8,""encoder"":8}",,,,,,,
9.54,vehicle,veh-2,veh-2:accelerator,accelerator,1,0,0,0,0.49510882071428397,0.05189819923629811,1,67.18057591732833,,0,805306368,"{""accelerator"":0,""cpu"":0,""encoder"":0}","{""accelerator"":6,""cpu"":6,""encoder"":6}",,,,,,,
9.54,vehicle,veh-2,veh-2:cpu,cpu,1,0,0,0,0.04392857142857243,0.004604672057502352,1,67.18057591732833,,0,805306368,"{""accelerator"":0,""cpu"":0,""encoder"":0}","{""accelerator"":6,""cpu"":6,""encoder"":6}",,,,,,,
9.54,vehicle,veh-2,veh-2:encoder,encoder,1,0,0,0,0.04331791999999912,0.004540662473794458,1,67.18057591732833,,0,805306368,"{""accelerator"":0,""cpu"":0,""encoder"":0}","{""accelerator"":6,""cpu"":6,""encoder"":6}",,,,,,,
9.54,rsu,rsu-1,rsu-1:ingress,rsu_ingress_cpu,1,0,0,0,0.013285714285714567,0.001392632524708026,1,708.7129352561474,18.0,,,,,0,16,0,8589934592,0.0,30.0,False
9.54,rsu,rsu-1,rsu-1:gpu,rsu_gpu,2,0,0,0,0.3054885311428581,0.016010929305181245,1,708.7129352561474,18.0,,,,,0,16,0,8589934592,0.0,30.0,False
9.54,rsu,rsu-2,rsu-2:ingress,rsu_ingress_cpu,1,0,0,0,0.014571428571429124,0.001527403414195925,1,557.3182053178161,0.0,,,,,0,10,0,6442450944,0.0,18.0,False
9.54,rsu,rsu-2,rsu-2:gpu,rsu_gpu,1,0,0,0,0.0998009188571416,0.010461312249176269,1,557.3182053178161,0.0,,,,,0,10,0,6442450944,0.0,18.0,False
9.57499575,vehicle,veh-1,veh-1:accelerator,accelerator,1,0,0,0,0.6076792259999981,0.06346522148586835,1,85.45170672077123,,0,1073741824,"{""accelerator"":0,""cpu"":0,""encoder"":0}","{""accelerator"":8,""cpu"":8,""encoder"":8}",,,,,,,
9.57499575,vehicle,veh-1,veh-1:cpu,cpu,1,0,0,0,0.0814285714285733,0.00850429321898898,1,85.45170672077123,,0,1073741824,"{""accelerator"":0,""cpu"":0,""encoder"":0}","{""accelerator"":8,""cpu"":8,""encoder"":8}",,,,,,,
9.57499575,vehicle,veh-1,veh-1:encoder,encoder,1,0,0,0,0.0478888457142862,0.005001448247565666,1,85.45170672077123,,0,1073741824,"{""accelerator"":0,""cpu"":0,""encoder"":0}","{""accelerator"":8,""cpu"":8,""encoder"":8}",,,,,,,
9.57499575,vehicle,veh-2,veh-2:accelerator,accelerator,1,0,1,0.0409648,0.49510882071428397,0.051708515976551114,1,67.40804829232833,,67108864,805306368,"{""accelerator"":1,""cpu"":0,""encoder"":0}","{""accelerator"":6,""cpu"":6,""encoder"":6}",,,,,,,
9.57499575,vehicle,veh-2,veh-2:cpu,cpu,1,0,0,0,0.04392857142857243,0.00458784239445458,1,67.40804829232833,,67108864,805306368,"{""accelerator"":1,""cpu"":0,""encoder"":0}","{""accelerator"":6,""cpu"":6,""encoder"":6}",,,,,,,
9.57499575,vehicle,veh-2,veh-2:encoder,encoder,1,0,0,0,0.04331791999999912,0.004524066760029541,1,67.40804829232833,,67108864,805306368,"{""accelerator"":1,""cpu"":0,""encoder"":0}","{""accelerator"":6,""cpu"":6,""encoder"":6}",,,,,,,
9.57499575,rsu,rsu-1,rsu-1:ingress,rsu_ingress_cpu,1,0,0,0,0.013285714285714567,0.0013875425778350416,1,711.2326292561474,18.0,,,,,0,16,0,8589934592,0.0,30.0,False
9.57499575,rsu,rsu-1,rsu-1:gpu,rsu_gpu,2,0,0,0,0.3054885311428581,0.015952410795736286,1,711.2326292561474,18.0,,,,,0,16,0,8589934592,0.0,30.0,False
9.57499575,rsu,rsu-2,rsu-2:ingress,rsu_ingress_cpu,1,0,0,0,0.014571428571429124,0.0015218208918191033,1,559.3479588178161,0.0,,,,,0,10,0,6442450944,0.0,18.0,False
9.57499575,rsu,rsu-2,rsu-2:gpu,rsu_gpu,1,0,0,0,0.0998009188571416,0.010423077091928903,1,559.3479588178161,0.0,,,,,0,10,0,6442450944,0.0,18.0,False
9.6,vehicle,veh-1,veh-1:accelerator,accelerator,1,0,0,0,0.6076792259999981,0.0632999193749998,1,85.65174072077123,,0,1073741824,"{""accelerator"":0,""cpu"":0,""encoder"":0}","{""accelerator"":8,""cpu"":8,""encoder"":8}",,,,,,,
9.6,vehicle,veh-1,veh-1:cpu,cpu,1,0,0,0,0.0814285714285733,0.008482142857143053,1,85.65174072077123,,0,1073741824,"{""accelerator"":0,""cpu"":0,""encoder"":0}","{""accelerator"":8,""cpu"":8,""encoder"":8}",,,,,,,
9.6,vehicle,veh-1,veh-1:encoder,encoder,1,0,0,0,0.0478888457142862,0.004988421428571479,1,85.65174072077123,,0,1073741824,"{""accelerator"":0,""cpu"":0,""encoder"":0}","{""accelerator"":8,""cpu"":8,""encoder"":8}",,,,,,,
9.6,vehicle,veh-2,veh-2:accelerator,accelerator,1,0,1,0.01596054999999972,0.5201130707142843,0.054178444866071276,1,67.7586078785491,,67108864,805306368,"{""accelerator"":1,""cpu"":0,""encoder"":0}","{""accelerator"":6,""cpu"":6,""encoder"":6}",,,,,,,
9.6,vehicle,veh-2,veh-2:cpu,cpu,1,0,0,0,0.04392857142857243,0.0045758928571429614,1,67.7586078785491,,67108864,805306368,"{""accelerator"":1,""cpu"":0,""encoder"":0}","{""accelerator"":6,""cpu"":6,""encoder"":6}",,,,,,,
9.6,vehicle,veh-2,veh-2:encoder,encoder,1,0,0,0,0.04331791999999912,0.004512283333333242,1,67.7586078785491,,67108864,805306368,"{""accelerator"":1,""cpu"":0,""encoder"":0}","{""accelerator"":6,""cpu"":6,""encoder"":6}",,,,,,,
9.6,rsu,rsu-1,rsu-1:ingress,rsu_ingress_cpu,1,0,0,0,0.013285714285714567,0.0013839285714286008,1,713.0329352561474,18.0,,,,,0,16,0,8589934592,0.0,30.0,False
9.6,rsu,rsu-1,rsu-1:gpu,rsu_gpu,2,0,0,0,0.3054885311428581,0.01591086099702386,1,713.0329352561474,18.0,,,,,0,16,0,8589934592,0.0,30.0,False
9.6,rsu,rsu-2,rsu-2:ingress,rsu_ingress_cpu,1,0,0,0,0.014571428571429124,0.0015178571428572005,1,560.7982053178162,0.0,,,,,0,10,0,6442450944,0.0,18.0,False
9.6,rsu,rsu-2,rsu-2:gpu,rsu_gpu,1,0,0,0,0.0998009188571416,0.010395929047618917,1,560.7982053178162,0.0,,,,,0,10,0,6442450944,0.0,18.0,False
9.615960549999999,vehicle,veh-1,veh-1:accelerator,accelerator,1,0,0,0,0.6076792259999981,0.06319485430917228,1,85.77942512077122,,0,1073741824,"{""accelerator"":0,""cpu"":0,""encoder"":0}","{""accelerator"":8,""cpu"":8,""encoder"":8}",,,,,,,
9.615960549999999,vehicle,veh-1,veh-1:cpu,cpu,1,0,0,0,0.0814285714285733,0.00846806421523571,1,85.77942512077122,,0,1073741824,"{""accelerator"":0,""cpu"":0,""encoder"":0}","{""accelerator"":8,""cpu"":8,""encoder"":8}",,,,,,,
9.615960549999999,vehicle,veh-1,veh-1:encoder,encoder,1,0,0,0,0.0478888457142862,0.004980141657744863,1,85.77942512077122,,0,1073741824,"{""accelerator"":0,""cpu"":0,""encoder"":0}","{""accelerator"":8,""cpu"":8,""encoder"":8}",,,,,,,
9.615960549999999,vehicle,veh-2,veh-2:accelerator,accelerator,1,0,0,0,0.5360736207142833,0.05574831738616933,1,67.98237479032832,,0,805306368,"{""accelerator"":0,""cpu"":0,""encoder"":0}","{""accelerator"":6,""cpu"":6,""encoder"":6}",,,,,,,
9.615960549999999,vehicle,veh-2,veh-2:cpu,cpu,1,0,0,0,0.04392857142857243,0.004568297800324528,1,67.98237479032832,,0,805306368,"{""accelerator"":0,""cpu"":0,""encoder"":0}","{""accelerator"":6,""cpu"":6,""encoder"":6}",,,,,,,
9.615960549999999,vehicle,veh-2,veh-2:encoder,encoder,1,0,0,0,0.04331791999999912,0.00450479385546139,1,67.98237479032832,,0,805306368,"{""accelerator"":0,""cpu"":0,""encoder"":0}","{""accelerator"":6,""cpu"":6,""encoder"":6}",,,,,,,
9.615960549999999,rsu,rsu-1,rsu-1:ingress,rsu_ingress_cpu,1,0,0,0,0.013285714285714567,0.0013816315298542452,1,714.1820948561474,18.0,,,,,0,16,0,8589934592,0.0,30.0,False
9.615960549999999,rsu,rsu-1,rsu-1:gpu,rsu_gpu,2,0,0,0,0.3054885311428581,0.015884452185219194,1,714.1820948561474,18.0,,,,,0,16,0,8589934592,0.0,30.0,False
9.615960549999999,rsu,rsu-2,rsu-2:ingress,rsu_ingress_cpu,1,0,0,0,0.014571428571429124,0.0015153378069369394,1,561.723917217816,0.0,,,,,0,10,0,6442450944,0.0,18.0,False
9.615960549999999,rsu,rsu-2,rsu-2:gpu,rsu_gpu,1,0,0,0,0.0998009188571416,0.010378673907635947,1,561.723917217816,0.0,,,,,0,10,0,6442450944,0.0,18.0,False
